47.62326, -122.34612, 15, 0, 0, 50f, 3.17f
47.62326, -122.34635, 29, 0, 0, 50f, 3.17f
47.62326, -122.34746, 8, 0, 0, 50f, 3.17f
47.62324, -122.34755, 9, 0, 0, 50f, 3.17f
47.62208, -122.34761, 11, 0, 0, 50f, 3.17f
47.62095, -122.34761, 28, 0, 0, 50f, 3.17f
47.62093, -122.34761, 20, 0, 0, 50f, 3.17f
47.62086, -122.34761, 26, 0, 0, 50f, 3.17f
47.62078, -122.34761, 19, 0, 0, 50f, 3.17f
47.62071, -122.3477, 15, 0, 0, 50f, 3.17f
47.61979, -122.34888, 16, 0, 0, 50f, 3.17f
47.61979, -122.3489, 13, 0, 0, 50f, 3.17f
47.61972, -122.34899, 21, 0, 0, 50f, 3.17f
47.61964, -122.34901, 22, 0, 0, 50f, 3.17f
47.61955, -122.34914, 15, 0, 0, 50f, 3.17f
47.61942, -122.34929, 25, 0, 0, 50f, 3.17f
47.61887, -122.35002, 25, 0, 0, 50f, 3.17f
47.61865, -122.3503, 7, 0, 0, 50f, 3.17f
47.61857, -122.35042, 26, 0, 0, 50f, 3.17f
47.61824, -122.35079, 21, 0, 0, 50f, 3.17f
47.61766, -122.34986, 10, 0, 0, 50f, 3.17f
47.61711, -122.3489, 24, 0, 0, 50f, 3.17f
47.61655, -122.34798, 20, 0, 0, 50f, 3.17f
47.61599, -122.34703, 22, 0, 0, 50f, 3.17f
47.61556, -122.34626, 4, 0, 0, 50f, 3.17f
47.61548, -122.34613, 15, 0, 0, 50f, 3.17f
47.61545, -122.34609, 27, 0, 0, 50f, 3.17f
47.61543, -122.34607, 7, 0, 0, 50f, 3.17f
47.61468, -122.34478, 26, 0, 0, 50f, 3.17f
47.61445, -122.34437, 8, 0, 0, 50f, 3.17f
47.61395, -122.34349, 26, 0, 0, 50f, 3.17f
47.61316, -122.3422, 28, 0, 0, 50f, 3.17f
47.61239, -122.34092, 10, 0, 0, 50f, 3.17f
47.61164, -122.33961, 15, 0, 0, 50f, 3.17f
47.6109, -122.3389, 28, 0, 0, 50f, 3.17f
47.61076, -122.33877, 23, 0, 0, 50f, 3.17f
47.61067, -122.33871, 28, 0, 0, 50f, 3.17f
47.61058, -122.33862, 27, 0, 0, 50f, 3.17f
47.60975, -122.33785, 15, 0, 0, 50f, 3.17f
47.60872, -122.3369, 12, 0, 0, 50f, 3.17f
47.60779, -122.33602, 20, 0, 0, 50f, 3.17f
47.607, -122.3353, 8, 0, 0, 50f, 3.17f
47.60629, -122.33472, 10, 0, 0, 50f, 3.17f
47.6056, -122.33409, 13, 0, 0, 50f, 3.17f
47.60488, -122.33341, 4, 0, 0, 50f, 3.17f
47.6049, -122.33336, 13, 0, 0, 50f, 3.17f
47.60528, -122.33242, 18, 0, 0, 50f, 3.17f
47.60533, -122.33236, 23, 0, 0, 50f, 3.17f
47.60535, -122.33229, 28, 0, 0, 50f, 3.17f
47.60563, -122.3316, 27, 0, 0, 50f, 3.17f
47.60573, -122.33135, 28, 0, 0, 50f, 3.17f
47.60582, -122.33113, 24, 0, 0, 50f, 3.17f
47.60629, -122.33012, 26, 0, 0, 50f, 3.17f
47.60565, -122.32952, 19, 0, 0, 50f, 3.17f
47.6056, -122.32948, 21, 0, 0, 50f, 3.17f
47.60541, -122.32927, 25, 0, 0, 50f, 3.17f
47.60533, -122.3292, 20, 0, 0, 50f, 3.17f
47.60488, -122.32877, 27, 0, 0, 50f, 3.17f
47.60419, -122.32811, 23, 0, 0, 50f, 3.17f
47.60415, -122.32806, 17, 0, 0, 50f, 3.17f
47.60393, -122.32785, 25, 0, 0, 50f, 3.17f
47.60344, -122.32744, 16, 0, 0, 50f, 3.17f
47.6031, -122.32712, 22, 0, 0, 50f, 3.17f
47.60297, -122.32697, 12, 0, 0, 50f, 3.17f
47.60292, -122.32695, 26, 0, 0, 50f, 3.17f
47.60288, -122.32691, 9, 0, 0, 50f, 3.17f
47.60286, -122.32688, 24, 0, 0, 50f, 3.17f
47.60282, -122.32684, 9, 0, 0, 50f, 3.17f
47.60277, -122.3268, 24, 0, 0, 50f, 3.17f
47.60271, -122.32673, 5, 0, 0, 50f, 3.17f
47.60266, -122.32667, 21, 0, 0, 50f, 3.17f
47.6026, -122.32658, 9, 0, 0, 50f, 3.17f
47.60254, -122.32648, 15, 0, 0, 50f, 3.17f
47.60247, -122.32641, 12, 0, 0, 50f, 3.17f
47.60232, -122.3262, 9, 0, 0, 50f, 3.17f
47.60211, -122.3259, 5, 0, 0, 50f, 3.17f
47.60194, -122.32564, 23, 0, 0, 50f, 3.17f
47.60181, -122.32547, 10, 0, 0, 50f, 3.17f
47.60172, -122.32532, 19, 0, 0, 50f, 3.17f
47.60164, -122.32519, 7, 0, 0, 50f, 3.17f
47.60155, -122.32508, 19, 0, 0, 50f, 3.17f
47.60144, -122.32491, 27, 0, 0, 50f, 3.17f
47.60082, -122.32412, 8, 0, 0, 50f, 3.17f
47.60073, -122.32394, 5, 0, 0, 50f, 3.17f
47.6005, -122.32364, 12, 0, 0, 50f, 3.17f
47.60035, -122.32345, 7, 0, 0, 50f, 3.17f
47.60028, -122.32334, 9, 0, 0, 50f, 3.17f
47.60016, -122.32319, 7, 0, 0, 50f, 3.17f
47.60009, -122.32311, 18, 0, 0, 50f, 3.17f
47.59998, -122.323, 11, 0, 0, 50f, 3.17f
47.59992, -122.32289, 7, 0, 0, 50f, 3.17f
47.59983, -122.32283, 6, 0, 0, 50f, 3.17f
47.59977, -122.32274, 28, 0, 0, 50f, 3.17f
47.59968, -122.32266, 12, 0, 0, 50f, 3.17f
47.5996, -122.32257, 11, 0, 0, 50f, 3.17f
47.59951, -122.32248, 19, 0, 0, 50f, 3.17f
47.59934, -122.32234, 10, 0, 0, 50f, 3.17f
47.59923, -122.32225, 27, 0, 0, 50f, 3.17f
47.59919, -122.32221, 18, 0, 0, 50f, 3.17f
47.59912, -122.32214, 10, 0, 0, 50f, 3.17f
47.59906, -122.3221, 25, 0, 0, 50f, 3.17f
47.599, -122.32206, 14, 0, 0, 50f, 3.17f
47.59895, -122.32201, 8, 0, 0, 50f, 3.17f
47.59889, -122.32197, 25, 0, 0, 50f, 3.17f
47.5988, -122.32191, 23, 0, 0, 50f, 3.17f
47.59865, -122.3218, 17, 0, 0, 50f, 3.17f
47.59859, -122.32176, 19, 0, 0, 50f, 3.17f
47.59846, -122.32169, 29, 0, 0, 50f, 3.17f
47.59835, -122.32163, 11, 0, 0, 50f, 3.17f
47.59824, -122.32156, 28, 0, 0, 50f, 3.17f
47.59814, -122.3215, 18, 0, 0, 50f, 3.17f
47.59805, -122.32146, 22, 0, 0, 50f, 3.17f
47.59777, -122.32133, 9, 0, 0, 50f, 3.17f
47.59767, -122.32128, 16, 0, 0, 50f, 3.17f
47.59756, -122.32124, 8, 0, 0, 50f, 3.17f
47.59743, -122.32118, 26, 0, 0, 50f, 3.17f
47.59722, -122.32105, 26, 0, 0, 50f, 3.17f
47.59715, -122.321, 21, 0, 0, 50f, 3.17f
47.59709, -122.32096, 22, 0, 0, 50f, 3.17f
47.597, -122.32094, 5, 0, 0, 50f, 3.17f
47.59692, -122.3209, 14, 0, 0, 50f, 3.17f
47.59683, -122.32088, 5, 0, 0, 50f, 3.17f
47.59672, -122.32083, 6, 0, 0, 50f, 3.17f
47.59666, -122.32083, 21, 0, 0, 50f, 3.17f
47.59657, -122.32081, 21, 0, 0, 50f, 3.17f
47.59649, -122.32079, 14, 0, 0, 50f, 3.17f
47.5964, -122.32079, 23, 0, 0, 50f, 3.17f
47.59629, -122.32079, 22, 0, 0, 50f, 3.17f
47.59621, -122.32077, 7, 0, 0, 50f, 3.17f
47.59608, -122.32077, 6, 0, 0, 50f, 3.17f
47.59595, -122.32077, 10, 0, 0, 50f, 3.17f
47.59584, -122.32075, 20, 0, 0, 50f, 3.17f
47.59578, -122.32075, 21, 0, 0, 50f, 3.17f
47.59541, -122.32075, 17, 0, 0, 50f, 3.17f
47.59533, -122.32073, 7, 0, 0, 50f, 3.17f
47.59524, -122.32073, 26, 0, 0, 50f, 3.17f
47.59518, -122.3207, 4, 0, 0, 50f, 3.17f
47.59511, -122.3207, 5, 0, 0, 50f, 3.17f
47.59507, -122.32068, 8, 0, 0, 50f, 3.17f
47.59503, -122.32066, 6, 0, 0, 50f, 3.17f
47.59498, -122.32064, 20, 0, 0, 50f, 3.17f
47.59492, -122.32062, 23, 0, 0, 50f, 3.17f
47.59488, -122.32055, 13, 0, 0, 50f, 3.17f
47.59483, -122.32053, 25, 0, 0, 50f, 3.17f
47.59479, -122.32049, 28, 0, 0, 50f, 3.17f
47.59473, -122.32043, 21, 0, 0, 50f, 3.17f
47.59466, -122.32034, 5, 0, 0, 50f, 3.17f
47.59462, -122.32028, 22, 0, 0, 50f, 3.17f
47.5946, -122.32023, 4, 0, 0, 50f, 3.17f
47.59455, -122.32015, 18, 0, 0, 50f, 3.17f
47.59453, -122.3201, 13, 0, 0, 50f, 3.17f
47.59451, -122.32006, 24, 0, 0, 50f, 3.17f
47.59449, -122.32, 26, 0, 0, 50f, 3.17f
47.59445, -122.31989, 27, 0, 0, 50f, 3.17f
47.59443, -122.31982, 19, 0, 0, 50f, 3.17f
47.5944, -122.3197, 12, 0, 0, 50f, 3.17f
47.59438, -122.31959, 15, 0, 0, 50f, 3.17f
47.59436, -122.31948, 29, 0, 0, 50f, 3.17f
47.59436, -122.3194, 17, 0, 0, 50f, 3.17f
47.59436, -122.31924, 17, 0, 0, 50f, 3.17f
47.59434, -122.31918, 16, 0, 0, 50f, 3.17f
47.59434, -122.31907, 7, 0, 0, 50f, 3.17f
47.59436, -122.31899, 29, 0, 0, 50f, 3.17f
47.59436, -122.31888, 19, 0, 0, 50f, 3.17f
47.59438, -122.31875, 21, 0, 0, 50f, 3.17f
47.59438, -122.31864, 19, 0, 0, 50f, 3.17f
47.5944, -122.31856, 19, 0, 0, 50f, 3.17f
47.59445, -122.31843, 24, 0, 0, 50f, 3.17f
47.59449, -122.31828, 11, 0, 0, 50f, 3.17f
47.59473, -122.3174, 4, 0, 0, 50f, 3.17f
47.59475, -122.31729, 18, 0, 0, 50f, 3.17f
47.59477, -122.31721, 20, 0, 0, 50f, 3.17f
47.59481, -122.31706, 19, 0, 0, 50f, 3.17f
47.59486, -122.31684, 29, 0, 0, 50f, 3.17f
47.59483, -122.31654, 23, 0, 0, 50f, 3.17f
47.59481, -122.31628, 29, 0, 0, 50f, 3.17f
47.59483, -122.31622, 28, 0, 0, 50f, 3.17f
47.59483, -122.31611, 20, 0, 0, 50f, 3.17f
47.59483, -122.31588, 9, 0, 0, 50f, 3.17f
47.59483, -122.31566, 18, 0, 0, 50f, 3.17f
47.59481, -122.31547, 11, 0, 0, 50f, 3.17f
47.59479, -122.31528, 27, 0, 0, 50f, 3.17f
47.59475, -122.31506, 15, 0, 0, 50f, 3.17f
47.59473, -122.31487, 26, 0, 0, 50f, 3.17f
47.59466, -122.31465, 25, 0, 0, 50f, 3.17f
47.5946, -122.31444, 17, 0, 0, 50f, 3.17f
47.59455, -122.31427, 21, 0, 0, 50f, 3.17f
47.59447, -122.31407, 13, 0, 0, 50f, 3.17f
47.59438, -122.31388, 20, 0, 0, 50f, 3.17f
47.5943, -122.31369, 13, 0, 0, 50f, 3.17f
47.59417, -122.3135, 6, 0, 0, 50f, 3.17f
47.59406, -122.31332, 27, 0, 0, 50f, 3.17f
47.59391, -122.31315, 23, 0, 0, 50f, 3.17f
47.59376, -122.313, 22, 0, 0, 50f, 3.17f
47.5937, -122.31294, 22, 0, 0, 50f, 3.17f
47.59365, -122.31289, 21, 0, 0, 50f, 3.17f
47.59348, -122.31274, 14, 0, 0, 50f, 3.17f
47.59344, -122.3127, 29, 0, 0, 50f, 3.17f
47.59249, -122.31199, 22, 0, 0, 50f, 3.17f
47.59217, -122.31174, 23, 0, 0, 50f, 3.17f
47.59206, -122.31163, 26, 0, 0, 50f, 3.17f
47.59162, -122.31128, 16, 0, 0, 50f, 3.17f
47.59149, -122.3112, 19, 0, 0, 50f, 3.17f
47.59136, -122.31109, 9, 0, 0, 50f, 3.17f
47.59123, -122.31101, 8, 0, 0, 50f, 3.17f
47.59114, -122.3109, 13, 0, 0, 50f, 3.17f
47.59101, -122.31077, 9, 0, 0, 50f, 3.17f
47.59091, -122.31064, 20, 0, 0, 50f, 3.17f
47.59082, -122.31053, 26, 0, 0, 50f, 3.17f
47.59076, -122.31045, 11, 0, 0, 50f, 3.17f
47.59071, -122.31036, 4, 0, 0, 50f, 3.17f
47.59069, -122.31034, 16, 0, 0, 50f, 3.17f
47.59067, -122.31032, 9, 0, 0, 50f, 3.17f
47.59061, -122.31019, 4, 0, 0, 50f, 3.17f
47.5905, -122.31, 10, 0, 0, 50f, 3.17f
47.59046, -122.30991, 15, 0, 0, 50f, 3.17f
47.59039, -122.30978, 14, 0, 0, 50f, 3.17f
47.59031, -122.30955, 28, 0, 0, 50f, 3.17f
47.59024, -122.30935, 26, 0, 0, 50f, 3.17f
47.5902, -122.30922, 4, 0, 0, 50f, 3.17f
47.59016, -122.30907, 4, 0, 0, 50f, 3.17f
47.59011, -122.30886, 19, 0, 0, 50f, 3.17f
47.59007, -122.30869, 8, 0, 0, 50f, 3.17f
47.59005, -122.30856, 21, 0, 0, 50f, 3.17f
47.59003, -122.30843, 25, 0, 0, 50f, 3.17f
47.59, -122.3083, 15, 0, 0, 50f, 3.17f
47.58998, -122.30802, 16, 0, 0, 50f, 3.17f
47.58996, -122.30787, 11, 0, 0, 50f, 3.17f
47.58996, -122.30772, 4, 0, 0, 50f, 3.17f
47.58996, -122.30746, 28, 0, 0, 50f, 3.17f
47.58996, -122.30714, 8, 0, 0, 50f, 3.17f
47.58996, -122.30706, 21, 0, 0, 50f, 3.17f
47.58996, -122.30641, 6, 0, 0, 50f, 3.17f
47.58998, -122.30583, 28, 0, 0, 50f, 3.17f
47.58998, -122.3047, 23, 0, 0, 50f, 3.17f
47.58998, -122.3042, 8, 0, 0, 50f, 3.17f
47.59, -122.30388, 10, 0, 0, 50f, 3.17f
47.59, -122.30371, 28, 0, 0, 50f, 3.17f
47.59, -122.30356, 28, 0, 0, 50f, 3.17f
47.59, -122.30345, 5, 0, 0, 50f, 3.17f
47.59, -122.30296, 29, 0, 0, 50f, 3.17f
47.59, -122.30259, 9, 0, 0, 50f, 3.17f
47.59, -122.30223, 25, 0, 0, 50f, 3.17f
47.59, -122.30216, 16, 0, 0, 50f, 3.17f
47.59, -122.3021, 9, 0, 0, 50f, 3.17f
47.59, -122.30159, 10, 0, 0, 50f, 3.17f
47.59, -122.30137, 23, 0, 0, 50f, 3.17f
47.59, -122.3006, 7, 0, 0, 50f, 3.17f
47.59003, -122.30004, 22, 0, 0, 50f, 3.17f
47.59003, -122.29946, 14, 0, 0, 50f, 3.17f
47.59003, -122.29882, 24, 0, 0, 50f, 3.17f
47.59003, -122.2982, 26, 0, 0, 50f, 3.17f
47.59003, -122.29811, 24, 0, 0, 50f, 3.17f
47.59007, -122.29774, 29, 0, 0, 50f, 3.17f
47.59009, -122.2976, 5, 0, 0, 50f, 3.17f
47.59009, -122.29747, 15, 0, 0, 50f, 3.17f
47.59009, -122.29549, 12, 0, 0, 50f, 3.17f
47.59009, -122.29448, 13, 0, 0, 50f, 3.17f
47.59009, -122.29352, 28, 0, 0, 50f, 3.17f
47.59009, -122.2935, 23, 0, 0, 50f, 3.17f
47.59009, -122.29242, 10, 0, 0, 50f, 3.17f
47.59009, -122.29137, 22, 0, 0, 50f, 3.17f
47.59009, -122.29049, 28, 0, 0, 50f, 3.17f
47.59005, -122.28918, 17, 0, 0, 50f, 3.17f
47.59005, -122.28858, 9, 0, 0, 50f, 3.17f
47.59005, -122.28826, 18, 0, 0, 50f, 3.17f
47.59003, -122.28811, 29, 0, 0, 50f, 3.17f
47.59003, -122.28798, 5, 0, 0, 50f, 3.17f
47.59, -122.2877, 19, 0, 0, 50f, 3.17f
47.58998, -122.28734, 24, 0, 0, 50f, 3.17f
47.58994, -122.28646, 10, 0, 0, 50f, 3.17f
47.58992, -122.28607, 11, 0, 0, 50f, 3.17f
47.58992, -122.28584, 10, 0, 0, 50f, 3.17f
47.58992, -122.2856, 17, 0, 0, 50f, 3.17f
47.5899, -122.2847, 19, 0, 0, 50f, 3.17f
47.58988, -122.28365, 12, 0, 0, 50f, 3.17f
47.58981, -122.28169, 27, 0, 0, 50f, 3.17f
47.58975, -122.27833, 16, 0, 0, 50f, 3.17f
47.58975, -122.27779, 8, 0, 0, 50f, 3.17f
47.58956, -122.27, 18, 0, 0, 50f, 3.17f
47.58951, -122.26796, 24, 0, 0, 50f, 3.17f
47.58949, -122.26646, 10, 0, 0, 50f, 3.17f
47.58947, -122.2661, 9, 0, 0, 50f, 3.17f
47.58938, -122.26219, 21, 0, 0, 50f, 3.17f
47.58923, -122.2556, 28, 0, 0, 50f, 3.17f
47.58923, -122.25459, 6, 0, 0, 50f, 3.17f
47.58921, -122.25436, 25, 0, 0, 50f, 3.17f
47.58921, -122.25431, 24, 0, 0, 50f, 3.17f
47.58923, -122.25397, 7, 0, 0, 50f, 3.17f
47.58923, -122.25374, 16, 0, 0, 50f, 3.17f
47.58928, -122.25326, 11, 0, 0, 50f, 3.17f
47.58928, -122.25309, 27, 0, 0, 50f, 3.17f
47.5893, -122.25298, 12, 0, 0, 50f, 3.17f
47.5893, -122.25286, 4, 0, 0, 50f, 3.17f
47.58932, -122.25266, 19, 0, 0, 50f, 3.17f
47.58936, -122.25243, 12, 0, 0, 50f, 3.17f
47.58938, -122.25228, 12, 0, 0, 50f, 3.17f
47.58945, -122.25202, 20, 0, 0, 50f, 3.17f
47.58949, -122.2518, 25, 0, 0, 50f, 3.17f
47.58956, -122.25155, 4, 0, 0, 50f, 3.17f
47.5896, -122.25135, 19, 0, 0, 50f, 3.17f
47.58966, -122.25114, 12, 0, 0, 50f, 3.17f
47.58973, -122.2509, 25, 0, 0, 50f, 3.17f
47.58979, -122.25073, 6, 0, 0, 50f, 3.17f
47.58986, -122.25056, 16, 0, 0, 50f, 3.17f
47.58992, -122.25039, 13, 0, 0, 50f, 3.17f
47.59003, -122.25013, 10, 0, 0, 50f, 3.17f
47.59011, -122.24996, 14, 0, 0, 50f, 3.17f
47.59018, -122.24983, 8, 0, 0, 50f, 3.17f
47.59028, -122.24962, 15, 0, 0, 50f, 3.17f
47.59041, -122.24936, 5, 0, 0, 50f, 3.17f
47.5905, -122.24919, 15, 0, 0, 50f, 3.17f
47.59061, -122.24901, 8, 0, 0, 50f, 3.17f
47.5908, -122.24867, 29, 0, 0, 50f, 3.17f
47.59091, -122.24846, 15, 0, 0, 50f, 3.17f
47.59099, -122.24831, 23, 0, 0, 50f, 3.17f
47.59106, -122.24814, 23, 0, 0, 50f, 3.17f
47.59114, -122.24798, 9, 0, 0, 50f, 3.17f
47.59129, -122.24762, 8, 0, 0, 50f, 3.17f
47.59134, -122.24749, 29, 0, 0, 50f, 3.17f
47.59144, -122.24726, 4, 0, 0, 50f, 3.17f
47.59151, -122.24702, 28, 0, 0, 50f, 3.17f
47.59157, -122.24683, 29, 0, 0, 50f, 3.17f
47.59162, -122.24665, 26, 0, 0, 50f, 3.17f
47.59166, -122.2465, 12, 0, 0, 50f, 3.17f
47.5917, -122.24631, 28, 0, 0, 50f, 3.17f
47.59172, -122.24616, 29, 0, 0, 50f, 3.17f
47.59176, -122.24597, 10, 0, 0, 50f, 3.17f
47.59179, -122.24577, 10, 0, 0, 50f, 3.17f
47.59183, -122.24543, 12, 0, 0, 50f, 3.17f
47.59185, -122.24513, 27, 0, 0, 50f, 3.17f
47.59189, -122.24432, 20, 0, 0, 50f, 3.17f
47.59192, -122.24384, 26, 0, 0, 50f, 3.17f
47.59189, -122.24346, 15, 0, 0, 50f, 3.17f
47.59187, -122.24314, 16, 0, 0, 50f, 3.17f
47.59181, -122.24262, 23, 0, 0, 50f, 3.17f
47.59176, -122.2424, 23, 0, 0, 50f, 3.17f
47.5917, -122.24215, 10, 0, 0, 50f, 3.17f
47.59166, -122.24193, 6, 0, 0, 50f, 3.17f
47.59159, -122.24174, 27, 0, 0, 50f, 3.17f
47.59155, -122.24155, 20, 0, 0, 50f, 3.17f
47.59131, -122.24099, 28, 0, 0, 50f, 3.17f
47.59099, -122.24034, 26, 0, 0, 50f, 3.17f
47.59091, -122.24015, 21, 0, 0, 50f, 3.17f
47.59074, -122.23981, 6, 0, 0, 50f, 3.17f
47.59058, -122.23957, 12, 0, 0, 50f, 3.17f
47.59022, -122.23891, 25, 0, 0, 50f, 3.17f
47.58975, -122.23809, 29, 0, 0, 50f, 3.17f
47.58956, -122.23773, 15, 0, 0, 50f, 3.17f
47.58934, -122.23728, 12, 0, 0, 50f, 3.17f
47.58921, -122.23702, 18, 0, 0, 50f, 3.17f
47.58913, -122.23683, 10, 0, 0, 50f, 3.17f
47.58895, -122.23644, 12, 0, 0, 50f, 3.17f
47.5888, -122.23601, 19, 0, 0, 50f, 3.17f
47.58863, -122.23554, 18, 0, 0, 50f, 3.17f
47.5884, -122.23487, 28, 0, 0, 50f, 3.17f
47.58827, -122.23447, 13, 0, 0, 50f, 3.17f
47.58816, -122.23414, 26, 0, 0, 50f, 3.17f
47.5881, -122.23397, 20, 0, 0, 50f, 3.17f
47.5878, -122.23309, 14, 0, 0, 50f, 3.17f
47.58754, -122.23236, 12, 0, 0, 50f, 3.17f
47.58737, -122.23187, 22, 0, 0, 50f, 3.17f
47.58732, -122.23172, 4, 0, 0, 50f, 3.17f
47.58719, -122.23133, 17, 0, 0, 50f, 3.17f
47.58713, -122.23118, 14, 0, 0, 50f, 3.17f
47.58694, -122.23069, 18, 0, 0, 50f, 3.17f
47.58676, -122.23032, 26, 0, 0, 50f, 3.17f
47.58666, -122.23009, 7, 0, 0, 50f, 3.17f
47.58659, -122.22992, 25, 0, 0, 50f, 3.17f
47.58655, -122.22981, 12, 0, 0, 50f, 3.17f
47.58597, -122.22856, 6, 0, 0, 50f, 3.17f
47.58453, -122.22532, 19, 0, 0, 50f, 3.17f
47.58449, -122.22522, 16, 0, 0, 50f, 3.17f
47.5844, -122.225, 23, 0, 0, 50f, 3.17f
47.58376, -122.22354, 19, 0, 0, 50f, 3.17f
47.58295, -122.22166, 22, 0, 0, 50f, 3.17f
47.5822, -122.21992, 27, 0, 0, 50f, 3.17f
47.58215, -122.21983, 22, 0, 0, 50f, 3.17f
47.582, -122.21949, 17, 0, 0, 50f, 3.17f
47.58194, -122.21936, 17, 0, 0, 50f, 3.17f
47.58183, -122.21917, 16, 0, 0, 50f, 3.17f
47.58166, -122.21887, 28, 0, 0, 50f, 3.17f
47.58146, -122.21857, 28, 0, 0, 50f, 3.17f
47.58119, -122.21816, 18, 0, 0, 50f, 3.17f
47.58063, -122.21734, 28, 0, 0, 50f, 3.17f
47.58009, -122.21657, 7, 0, 0, 50f, 3.17f
47.57983, -122.21618, 25, 0, 0, 50f, 3.17f
47.57966, -122.2159, 15, 0, 0, 50f, 3.17f
47.57951, -122.2156, 9, 0, 0, 50f, 3.17f
47.57936, -122.21528, 6, 0, 0, 50f, 3.17f
47.57921, -122.21496, 5, 0, 0, 50f, 3.17f
47.57908, -122.21464, 4, 0, 0, 50f, 3.17f
47.57898, -122.2143, 28, 0, 0, 50f, 3.17f
47.57893, -122.21421, 10, 0, 0, 50f, 3.17f
47.57889, -122.21402, 11, 0, 0, 50f, 3.17f
47.57883, -122.2138, 19, 0, 0, 50f, 3.17f
47.57872, -122.21342, 15, 0, 0, 50f, 3.17f
47.57863, -122.21301, 16, 0, 0, 50f, 3.17f
47.57859, -122.21273, 5, 0, 0, 50f, 3.17f
47.57857, -122.21262, 27, 0, 0, 50f, 3.17f
47.57853, -122.21232, 9, 0, 0, 50f, 3.17f
47.5785, -122.21219, 26, 0, 0, 50f, 3.17f
47.57848, -122.21206, 26, 0, 0, 50f, 3.17f
47.57846, -122.21196, 23, 0, 0, 50f, 3.17f
47.57825, -122.21037, 5, 0, 0, 50f, 3.17f
47.5781, -122.20934, 7, 0, 0, 50f, 3.17f
47.57797, -122.2084, 20, 0, 0, 50f, 3.17f
47.57792, -122.20799, 23, 0, 0, 50f, 3.17f
47.57788, -122.20771, 18, 0, 0, 50f, 3.17f
47.57784, -122.20736, 25, 0, 0, 50f, 3.17f
47.57778, -122.20683, 16, 0, 0, 50f, 3.17f
47.57773, -122.20644, 19, 0, 0, 50f, 3.17f
47.57769, -122.20606, 22, 0, 0, 50f, 3.17f
47.57769, -122.20567, 9, 0, 0, 50f, 3.17f
47.57769, -122.20537, 14, 0, 0, 50f, 3.17f
47.57769, -122.2053, 10, 0, 0, 50f, 3.17f
47.57769, -122.20505, 25, 0, 0, 50f, 3.17f
47.57771, -122.20477, 10, 0, 0, 50f, 3.17f
47.57771, -122.20468, 27, 0, 0, 50f, 3.17f
47.57773, -122.20442, 12, 0, 0, 50f, 3.17f
47.57773, -122.20432, 23, 0, 0, 50f, 3.17f
47.57778, -122.20395, 22, 0, 0, 50f, 3.17f
47.57784, -122.20359, 5, 0, 0, 50f, 3.17f
47.57788, -122.20329, 11, 0, 0, 50f, 3.17f
47.5779, -122.20322, 26, 0, 0, 50f, 3.17f
47.57797, -122.20294, 17, 0, 0, 50f, 3.17f
47.57814, -122.20226, 6, 0, 0, 50f, 3.17f
47.57816, -122.20219, 29, 0, 0, 50f, 3.17f
47.5782, -122.20202, 23, 0, 0, 50f, 3.17f
47.57844, -122.20112, 18, 0, 0, 50f, 3.17f
47.57857, -122.20067, 5, 0, 0, 50f, 3.17f
47.5787, -122.20018, 11, 0, 0, 50f, 3.17f
47.57904, -122.1988, 14, 0, 0, 50f, 3.17f
47.57926, -122.19799, 18, 0, 0, 50f, 3.17f
47.57932, -122.19775, 16, 0, 0, 50f, 3.17f
47.5794, -122.19741, 13, 0, 0, 50f, 3.17f
47.57951, -122.197, 15, 0, 0, 50f, 3.17f
47.57958, -122.19681, 7, 0, 0, 50f, 3.17f
47.57958, -122.1967, 27, 0, 0, 50f, 3.17f
47.57962, -122.19653, 18, 0, 0, 50f, 3.17f
47.57966, -122.19631, 22, 0, 0, 50f, 3.17f
47.57968, -122.19608, 28, 0, 0, 50f, 3.17f
47.57973, -122.19578, 20, 0, 0, 50f, 3.17f
47.57975, -122.19548, 14, 0, 0, 50f, 3.17f
47.57975, -122.19544, 11, 0, 0, 50f, 3.17f
47.57975, -122.19516, 5, 0, 0, 50f, 3.17f
47.57975, -122.19483, 13, 0, 0, 50f, 3.17f
47.57973, -122.19449, 11, 0, 0, 50f, 3.17f
47.57971, -122.19415, 6, 0, 0, 50f, 3.17f
47.57966, -122.1938, 28, 0, 0, 50f, 3.17f
47.5796, -122.19344, 22, 0, 0, 50f, 3.17f
47.57953, -122.1931, 17, 0, 0, 50f, 3.17f
47.57943, -122.19258, 21, 0, 0, 50f, 3.17f
47.5793, -122.19187, 13, 0, 0, 50f, 3.17f
47.57928, -122.19174, 21, 0, 0, 50f, 3.17f
47.57917, -122.19127, 16, 0, 0, 50f, 3.17f
47.57915, -122.19104, 27, 0, 0, 50f, 3.17f
47.57913, -122.19089, 5, 0, 0, 50f, 3.17f
47.57908, -122.19058, 9, 0, 0, 50f, 3.17f
47.57906, -122.19026, 11, 0, 0, 50f, 3.17f
47.57904, -122.18994, 10, 0, 0, 50f, 3.17f
47.57904, -122.18981, 22, 0, 0, 50f, 3.17f
47.57906, -122.1896, 10, 0, 0, 50f, 3.17f
47.57906, -122.18928, 14, 0, 0, 50f, 3.17f
47.57908, -122.1891, 7, 0, 0, 50f, 3.17f
47.57908, -122.18898, 9, 0, 0, 50f, 3.17f
47.57908, -122.18891, 25, 0, 0, 50f, 3.17f
47.5791, -122.1887, 23, 0, 0, 50f, 3.17f
47.57915, -122.1881, 6, 0, 0, 50f, 3.17f
47.57917, -122.18786, 28, 0, 0, 50f, 3.17f
47.57919, -122.1876, 24, 0, 0, 50f, 3.17f
47.57938, -122.18509, 26, 0, 0, 50f, 3.17f
47.57953, -122.18331, 29, 0, 0, 50f, 3.17f
47.57968, -122.18162, 29, 0, 0, 50f, 3.17f
47.57971, -122.18134, 7, 0, 0, 50f, 3.17f
47.57975, -122.18089, 14, 0, 0, 50f, 3.17f
47.57981, -122.18037, 4, 0, 0, 50f, 3.17f
47.57983, -122.18014, 16, 0, 0, 50f, 3.17f
47.57983, -122.17996, 14, 0, 0, 50f, 3.17f
47.57986, -122.17986, 27, 0, 0, 50f, 3.17f
47.57988, -122.17953, 10, 0, 0, 50f, 3.17f
47.57992, -122.17902, 18, 0, 0, 50f, 3.17f
47.57994, -122.17872, 6, 0, 0, 50f, 3.17f
47.58001, -122.17818, 6, 0, 0, 50f, 3.17f
47.58001, -122.17805, 27, 0, 0, 50f, 3.17f
47.58005, -122.17765, 7, 0, 0, 50f, 3.17f
47.58007, -122.1772, 13, 0, 0, 50f, 3.17f
47.58018, -122.17602, 26, 0, 0, 50f, 3.17f
47.58018, -122.17578, 26, 0, 0, 50f, 3.17f
47.5802, -122.17542, 8, 0, 0, 50f, 3.17f
47.58022, -122.17516, 16, 0, 0, 50f, 3.17f
47.58022, -122.17503, 27, 0, 0, 50f, 3.17f
47.58022, -122.17494, 24, 0, 0, 50f, 3.17f
47.58022, -122.17464, 7, 0, 0, 50f, 3.17f
47.58022, -122.17456, 8, 0, 0, 50f, 3.17f
47.58024, -122.17441, 9, 0, 0, 50f, 3.17f
47.58024, -122.17434, 28, 0, 0, 50f, 3.17f
47.58024, -122.1743, 22, 0, 0, 50f, 3.17f
47.58022, -122.17419, 14, 0, 0, 50f, 3.17f
47.58024, -122.17378, 12, 0, 0, 50f, 3.17f
47.58022, -122.17329, 12, 0, 0, 50f, 3.17f
47.58022, -122.17278, 11, 0, 0, 50f, 3.17f
47.5802, -122.17232, 27, 0, 0, 50f, 3.17f
47.58011, -122.17035, 24, 0, 0, 50f, 3.17f
47.58009, -122.16947, 18, 0, 0, 50f, 3.17f
47.58007, -122.16908, 22, 0, 0, 50f, 3.17f
47.58005, -122.16885, 8, 0, 0, 50f, 3.17f
47.58005, -122.16874, 17, 0, 0, 50f, 3.17f
47.58005, -122.16863, 5, 0, 0, 50f, 3.17f
47.58003, -122.16808, 16, 0, 0, 50f, 3.17f
47.57998, -122.1673, 9, 0, 0, 50f, 3.17f
47.57998, -122.167, 23, 0, 0, 50f, 3.17f
47.57992, -122.16537, 4, 0, 0, 50f, 3.17f
47.57988, -122.16451, 24, 0, 0, 50f, 3.17f
47.57986, -122.16374, 12, 0, 0, 50f, 3.17f
47.57979, -122.16232, 24, 0, 0, 50f, 3.17f
47.57977, -122.16175, 21, 0, 0, 50f, 3.17f
47.57975, -122.16136, 11, 0, 0, 50f, 3.17f
47.57966, -122.15956, 17, 0, 0, 50f, 3.17f
47.57953, -122.15707, 17, 0, 0, 50f, 3.17f
47.57947, -122.15565, 16, 0, 0, 50f, 3.17f
47.57945, -122.15518, 24, 0, 0, 50f, 3.17f
47.57943, -122.15471, 8, 0, 0, 50f, 3.17f
47.5794, -122.15454, 25, 0, 0, 50f, 3.17f
47.57936, -122.15372, 15, 0, 0, 50f, 3.17f
47.57934, -122.15325, 7, 0, 0, 50f, 3.17f
47.57932, -122.15278, 15, 0, 0, 50f, 3.17f
47.57932, -122.1523, 24, 0, 0, 50f, 3.17f
47.57926, -122.1511, 28, 0, 0, 50f, 3.17f
47.57926, -122.15087, 7, 0, 0, 50f, 3.17f
47.57923, -122.15059, 23, 0, 0, 50f, 3.17f
47.57921, -122.15007, 14, 0, 0, 50f, 3.17f
47.5791, -122.1481, 11, 0, 0, 50f, 3.17f
47.57908, -122.14728, 27, 0, 0, 50f, 3.17f
47.57904, -122.14647, 13, 0, 0, 50f, 3.17f
47.57891, -122.14355, 19, 0, 0, 50f, 3.17f
47.57889, -122.14316, 23, 0, 0, 50f, 3.17f
47.57885, -122.14241, 28, 0, 0, 50f, 3.17f
47.57878, -122.14117, 11, 0, 0, 50f, 3.17f
47.57876, -122.14087, 8, 0, 0, 50f, 3.17f
47.57874, -122.14037, 5, 0, 0, 50f, 3.17f
47.57874, -122.14027, 18, 0, 0, 50f, 3.17f
47.57874, -122.14012, 19, 0, 0, 50f, 3.17f
47.57872, -122.14001, 18, 0, 0, 50f, 3.17f
47.5787, -122.13919, 21, 0, 0, 50f, 3.17f
47.57861, -122.13788, 22, 0, 0, 50f, 3.17f
47.57855, -122.13651, 6, 0, 0, 50f, 3.17f
47.57855, -122.13623, 15, 0, 0, 50f, 3.17f
47.5785, -122.13578, 27, 0, 0, 50f, 3.17f
47.57846, -122.13527, 8, 0, 0, 50f, 3.17f
47.57842, -122.13482, 20, 0, 0, 50f, 3.17f
47.57835, -122.13437, 28, 0, 0, 50f, 3.17f
47.57827, -122.13389, 6, 0, 0, 50f, 3.17f
47.57818, -122.13342, 13, 0, 0, 50f, 3.17f
47.5781, -122.13297, 16, 0, 0, 50f, 3.17f
47.57799, -122.13256, 29, 0, 0, 50f, 3.17f
47.57797, -122.13246, 14, 0, 0, 50f, 3.17f
47.57792, -122.13228, 14, 0, 0, 50f, 3.17f
47.5778, -122.13183, 10, 0, 0, 50f, 3.17f
47.57767, -122.1314, 20, 0, 0, 50f, 3.17f
47.57758, -122.13117, 24, 0, 0, 50f, 3.17f
47.57758, -122.1311, 28, 0, 0, 50f, 3.17f
47.57756, -122.13106, 8, 0, 0, 50f, 3.17f
47.57692, -122.12926, 27, 0, 0, 50f, 3.17f
47.57677, -122.12881, 21, 0, 0, 50f, 3.17f
47.57612, -122.12705, 28, 0, 0, 50f, 3.17f
47.57584, -122.12623, 16, 0, 0, 50f, 3.17f
47.57524, -122.12456, 26, 0, 0, 50f, 3.17f
47.57514, -122.12422, 16, 0, 0, 50f, 3.17f
47.57481, -122.12336, 27, 0, 0, 50f, 3.17f
47.57462, -122.12282, 13, 0, 0, 50f, 3.17f
47.5746, -122.12276, 23, 0, 0, 50f, 3.17f
47.57453, -122.12256, 4, 0, 0, 50f, 3.17f
47.5743, -122.12194, 26, 0, 0, 50f, 3.17f
47.57338, -122.11937, 26, 0, 0, 50f, 3.17f
47.57183, -122.11497, 24, 0, 0, 50f, 3.17f
47.5717, -122.11458, 12, 0, 0, 50f, 3.17f
47.57144, -122.1139, 21, 0, 0, 50f, 3.17f
47.57074, -122.11194, 18, 0, 0, 50f, 3.17f
47.57056, -122.11141, 13, 0, 0, 50f, 3.17f
47.5699, -122.1096, 11, 0, 0, 50f, 3.17f
47.56932, -122.108, 29, 0, 0, 50f, 3.17f
47.56878, -122.10651, 23, 0, 0, 50f, 3.17f
47.56868, -122.10619, 20, 0, 0, 50f, 3.17f
47.56863, -122.10608, 18, 0, 0, 50f, 3.17f
47.56842, -122.10561, 14, 0, 0, 50f, 3.17f
47.56836, -122.10548, 14, 0, 0, 50f, 3.17f
47.56816, -122.1051, 8, 0, 0, 50f, 3.17f
47.56795, -122.10465, 11, 0, 0, 50f, 3.17f
47.56745, -122.10377, 4, 0, 0, 50f, 3.17f
47.56642, -122.1019, 8, 0, 0, 50f, 3.17f
47.56627, -122.10162, 23, 0, 0, 50f, 3.17f
47.56612, -122.10136, 11, 0, 0, 50f, 3.17f
47.56526, -122.09982, 6, 0, 0, 50f, 3.17f
47.56499, -122.09933, 16, 0, 0, 50f, 3.17f
47.56488, -122.09911, 13, 0, 0, 50f, 3.17f
47.56479, -122.09896, 8, 0, 0, 50f, 3.17f
47.56471, -122.09881, 29, 0, 0, 50f, 3.17f
47.56462, -122.09866, 5, 0, 0, 50f, 3.17f
47.56449, -122.0984, 29, 0, 0, 50f, 3.17f
47.56424, -122.09793, 14, 0, 0, 50f, 3.17f
47.56368, -122.09694, 26, 0, 0, 50f, 3.17f
47.56346, -122.09656, 22, 0, 0, 50f, 3.17f
47.56293, -122.09559, 8, 0, 0, 50f, 3.17f
47.56252, -122.09482, 28, 0, 0, 50f, 3.17f
47.5623, -122.09446, 19, 0, 0, 50f, 3.17f
47.5617, -122.09336, 16, 0, 0, 50f, 3.17f
47.56082, -122.09175, 28, 0, 0, 50f, 3.17f
47.56069, -122.09154, 12, 0, 0, 50f, 3.17f
47.56054, -122.09128, 29, 0, 0, 50f, 3.17f
47.56052, -122.09122, 27, 0, 0, 50f, 3.17f
47.55986, -122.09001, 19, 0, 0, 50f, 3.17f
47.55938, -122.08918, 9, 0, 0, 50f, 3.17f
47.55919, -122.08881, 19, 0, 0, 50f, 3.17f
47.55911, -122.08866, 27, 0, 0, 50f, 3.17f
47.55885, -122.08817, 25, 0, 0, 50f, 3.17f
47.55859, -122.08765, 12, 0, 0, 50f, 3.17f
47.55855, -122.08759, 25, 0, 0, 50f, 3.17f
47.55833, -122.08712, 8, 0, 0, 50f, 3.17f
47.5581, -122.08656, 7, 0, 0, 50f, 3.17f
47.5579, -122.08602, 7, 0, 0, 50f, 3.17f
47.5578, -122.08576, 13, 0, 0, 50f, 3.17f
47.55737, -122.08469, 7, 0, 0, 50f, 3.17f
47.55735, -122.08461, 22, 0, 0, 50f, 3.17f
47.55692, -122.08349, 19, 0, 0, 50f, 3.17f
47.55533, -122.07941, 21, 0, 0, 50f, 3.17f
47.5552, -122.07903, 17, 0, 0, 50f, 3.17f
47.55464, -122.07761, 14, 0, 0, 50f, 3.17f
47.55417, -122.07641, 13, 0, 0, 50f, 3.17f
47.55361, -122.07497, 5, 0, 0, 50f, 3.17f
47.55342, -122.07448, 27, 0, 0, 50f, 3.17f
47.5529, -122.07308, 26, 0, 0, 50f, 3.17f
47.55286, -122.073, 25, 0, 0, 50f, 3.17f
47.5523, -122.07147, 24, 0, 0, 50f, 3.17f
47.55213, -122.071, 20, 0, 0, 50f, 3.17f
47.552, -122.0707, 19, 0, 0, 50f, 3.17f
47.55192, -122.07046, 16, 0, 0, 50f, 3.17f
47.55177, -122.07006, 12, 0, 0, 50f, 3.17f
47.55164, -122.06971, 7, 0, 0, 50f, 3.17f
47.5514, -122.06903, 17, 0, 0, 50f, 3.17f
47.55123, -122.06853, 14, 0, 0, 50f, 3.17f
47.55108, -122.0681, 9, 0, 0, 50f, 3.17f
47.55104, -122.06802, 22, 0, 0, 50f, 3.17f
47.55082, -122.06744, 19, 0, 0, 50f, 3.17f
47.55072, -122.06718, 20, 0, 0, 50f, 3.17f
47.55046, -122.06654, 12, 0, 0, 50f, 3.17f
47.55007, -122.06553, 14, 0, 0, 50f, 3.17f
47.54966, -122.06452, 22, 0, 0, 50f, 3.17f
47.5493, -122.06356, 15, 0, 0, 50f, 3.17f
47.54894, -122.06263, 26, 0, 0, 50f, 3.17f
47.54853, -122.06156, 27, 0, 0, 50f, 3.17f
47.54844, -122.06135, 12, 0, 0, 50f, 3.17f
47.5484, -122.06122, 4, 0, 0, 50f, 3.17f
47.54786, -122.0598, 15, 0, 0, 50f, 3.17f
47.54758, -122.05907, 17, 0, 0, 50f, 3.17f
47.54735, -122.05849, 22, 0, 0, 50f, 3.17f
47.54655, -122.05648, 10, 0, 0, 50f, 3.17f
47.54632, -122.05583, 13, 0, 0, 50f, 3.17f
47.54623, -122.05557, 28, 0, 0, 50f, 3.17f
47.54608, -122.05517, 13, 0, 0, 50f, 3.17f
47.54597, -122.05478, 9, 0, 0, 50f, 3.17f
47.54589, -122.05454, 10, 0, 0, 50f, 3.17f
47.54582, -122.05431, 18, 0, 0, 50f, 3.17f
47.54576, -122.05405, 10, 0, 0, 50f, 3.17f
47.5457, -122.05379, 19, 0, 0, 50f, 3.17f
47.54561, -122.05338, 9, 0, 0, 50f, 3.17f
47.5455, -122.05291, 22, 0, 0, 50f, 3.17f
47.54544, -122.0524, 25, 0, 0, 50f, 3.17f
47.54537, -122.0519, 26, 0, 0, 50f, 3.17f
47.54533, -122.05145, 20, 0, 0, 50f, 3.17f
47.54529, -122.05102, 21, 0, 0, 50f, 3.17f
47.54512, -122.0492, 5, 0, 0, 50f, 3.17f
47.54501, -122.04778, 20, 0, 0, 50f, 3.17f
47.54497, -122.04733, 11, 0, 0, 50f, 3.17f
47.5449, -122.04695, 19, 0, 0, 50f, 3.17f
47.54484, -122.04658, 19, 0, 0, 50f, 3.17f
47.54477, -122.0462, 24, 0, 0, 50f, 3.17f
47.54469, -122.04585, 29, 0, 0, 50f, 3.17f
47.54462, -122.04553, 22, 0, 0, 50f, 3.17f
47.54454, -122.04523, 6, 0, 0, 50f, 3.17f
47.54443, -122.04484, 14, 0, 0, 50f, 3.17f
47.54439, -122.04469, 23, 0, 0, 50f, 3.17f
47.54432, -122.04452, 29, 0, 0, 50f, 3.17f
47.54424, -122.04422, 11, 0, 0, 50f, 3.17f
47.54415, -122.04399, 19, 0, 0, 50f, 3.17f
47.54406, -122.04382, 27, 0, 0, 50f, 3.17f
47.544, -122.04364, 22, 0, 0, 50f, 3.17f
47.54391, -122.04345, 26, 0, 0, 50f, 3.17f
47.54376, -122.04311, 21, 0, 0, 50f, 3.17f
47.54336, -122.0422, 22, 0, 0, 50f, 3.17f
47.54299, -122.0415, 16, 0, 0, 50f, 3.17f
47.54273, -122.04094, 19, 0, 0, 50f, 3.17f
47.5425, -122.0406, 26, 0, 0, 50f, 3.17f
47.54248, -122.04055, 7, 0, 0, 50f, 3.17f
47.54243, -122.04049, 18, 0, 0, 50f, 3.17f
47.54233, -122.0403, 28, 0, 0, 50f, 3.17f
47.54228, -122.04021, 15, 0, 0, 50f, 3.17f
47.54213, -122.03993, 7, 0, 0, 50f, 3.17f
47.54205, -122.03978, 11, 0, 0, 50f, 3.17f
47.54183, -122.03942, 28, 0, 0, 50f, 3.17f
47.54166, -122.03909, 19, 0, 0, 50f, 3.17f
47.54149, -122.03882, 9, 0, 0, 50f, 3.17f
47.54149, -122.03875, 4, 0, 0, 50f, 3.17f
47.54142, -122.03866, 23, 0, 0, 50f, 3.17f
47.54138, -122.0386, 19, 0, 0, 50f, 3.17f
47.54123, -122.03843, 22, 0, 0, 50f, 3.17f
47.54112, -122.0383, 22, 0, 0, 50f, 3.17f
47.54106, -122.03826, 28, 0, 0, 50f, 3.17f
47.54104, -122.03821, 6, 0, 0, 50f, 3.17f
47.541, -122.03819, 15, 0, 0, 50f, 3.17f
47.54095, -122.03813, 24, 0, 0, 50f, 3.17f
47.54085, -122.03804, 10, 0, 0, 50f, 3.17f
47.54072, -122.03794, 22, 0, 0, 50f, 3.17f
47.54065, -122.03787, 12, 0, 0, 50f, 3.17f
47.54059, -122.03781, 14, 0, 0, 50f, 3.17f
47.54054, -122.03778, 10, 0, 0, 50f, 3.17f
47.54052, -122.03776, 22, 0, 0, 50f, 3.17f
47.54048, -122.03772, 16, 0, 0, 50f, 3.17f
47.54044, -122.03768, 14, 0, 0, 50f, 3.17f
47.5404, -122.03764, 21, 0, 0, 50f, 3.17f
47.54035, -122.03761, 27, 0, 0, 50f, 3.17f
47.54033, -122.03757, 20, 0, 0, 50f, 3.17f
47.54029, -122.03753, 22, 0, 0, 50f, 3.17f
47.54024, -122.03748, 16, 0, 0, 50f, 3.17f
47.54022, -122.03744, 23, 0, 0, 50f, 3.17f
47.54018, -122.03738, 26, 0, 0, 50f, 3.17f
47.54014, -122.03733, 6, 0, 0, 50f, 3.17f
47.5401, -122.03725, 19, 0, 0, 50f, 3.17f
47.54007, -122.03718, 14, 0, 0, 50f, 3.17f
47.54003, -122.03712, 23, 0, 0, 50f, 3.17f
47.53999, -122.03701, 15, 0, 0, 50f, 3.17f
47.53997, -122.03697, 18, 0, 0, 50f, 3.17f
47.53992, -122.03688, 13, 0, 0, 50f, 3.17f
47.5399, -122.03682, 28, 0, 0, 50f, 3.17f
47.53986, -122.03669, 23, 0, 0, 50f, 3.17f
47.53979, -122.03656, 26, 0, 0, 50f, 3.17f
47.53975, -122.03648, 17, 0, 0, 50f, 3.17f
47.53967, -122.0363, 25, 0, 0, 50f, 3.17f
47.53962, -122.0362, 18, 0, 0, 50f, 3.17f
47.5396, -122.03615, 22, 0, 0, 50f, 3.17f
47.54018, -122.03603, 14, 0, 0, 50f, 3.17f
47.54035, -122.03598, 23, 0, 0, 50f, 3.17f
47.54048, -122.03594, 28, 0, 0, 50f, 3.17f
47.54072, -122.0359, 14, 0, 0, 50f, 3.17f
47.54104, -122.03581, 7, 0, 0, 50f, 3.17f
47.54151, -122.03572, 16, 0, 0, 50f, 3.17f
47.54166, -122.03568, 26, 0, 0, 50f, 3.17f
47.54173, -122.03568, 9, 0, 0, 50f, 3.17f
47.54179, -122.03566, 22, 0, 0, 50f, 3.17f
47.54188, -122.03566, 4, 0, 0, 50f, 3.17f
47.54194, -122.03566, 23, 0, 0, 50f, 3.17f
47.54205, -122.03566, 15, 0, 0, 50f, 3.17f
47.54216, -122.03566, 23, 0, 0, 50f, 3.17f
47.54224, -122.03566, 29, 0, 0, 50f, 3.17f
47.54233, -122.03566, 27, 0, 0, 50f, 3.17f
47.54239, -122.03566, 4, 0, 0, 50f, 3.17f
47.54252, -122.03568, 7, 0, 0, 50f, 3.17f
47.5426, -122.0357, 8, 0, 0, 50f, 3.17f
47.54271, -122.03572, 17, 0, 0, 50f, 3.17f
47.54286, -122.03577, 10, 0, 0, 50f, 3.17f
47.54301, -122.03581, 25, 0, 0, 50f, 3.17f
47.54312, -122.03585, 21, 0, 0, 50f, 3.17f
47.54325, -122.03594, 22, 0, 0, 50f, 3.17f
47.54336, -122.036, 26, 0, 0, 50f, 3.17f
47.54344, -122.03607, 11, 0, 0, 50f, 3.17f
47.54355, -122.03615, 27, 0, 0, 50f, 3.17f
47.54366, -122.03626, 19, 0, 0, 50f, 3.17f
47.54376, -122.03637, 8, 0, 0, 50f, 3.17f
47.54385, -122.03648, 23, 0, 0, 50f, 3.17f
47.54411, -122.03676, 22, 0, 0, 50f, 3.17f
47.54422, -122.0368, 9, 0, 0, 50f, 3.17f
47.54428, -122.03682, 9, 0, 0, 50f, 3.17f
47.54432, -122.03682, 22, 0, 0, 50f, 3.17f
47.54436, -122.03682, 20, 0, 0, 50f, 3.17f
47.54441, -122.03678, 29, 0, 0, 50f, 3.17f
47.54445, -122.03673, 18, 0, 0, 50f, 3.17f
47.54452, -122.03663, 20, 0, 0, 50f, 3.17f
47.54456, -122.03656, 13, 0, 0, 50f, 3.17f
47.54469, -122.03648, 7, 0, 0, 50f, 3.17f
47.54473, -122.03637, 23, 0, 0, 50f, 3.17f
47.54477, -122.03628, 18, 0, 0, 50f, 3.17f
47.5449, -122.03609, 13, 0, 0, 50f, 3.17f
47.54494, -122.03598, 6, 0, 0, 50f, 3.17f
47.54509, -122.03572, 20, 0, 0, 50f, 3.17f
47.5452, -122.03551, 12, 0, 0, 50f, 3.17f
47.54529, -122.03534, 9, 0, 0, 50f, 3.17f
47.54544, -122.0351, 8, 0, 0, 50f, 3.17f
47.54559, -122.03482, 27, 0, 0, 50f, 3.17f
47.54572, -122.03461, 12, 0, 0, 50f, 3.17f
47.54585, -122.03433, 25, 0, 0, 50f, 3.17f
47.546, -122.03407, 23, 0, 0, 50f, 3.17f
47.5461, -122.03382, 9, 0, 0, 50f, 3.17f
47.54621, -122.03358, 21, 0, 0, 50f, 3.17f
47.5463, -122.03336, 15, 0, 0, 50f, 3.17f
47.54638, -122.03315, 7, 0, 0, 50f, 3.17f
47.54647, -122.03296, 4, 0, 0, 50f, 3.17f
47.54653, -122.03276, 25, 0, 0, 50f, 3.17f
47.54666, -122.03236, 4, 0, 0, 50f, 3.17f
47.5467, -122.03225, 13, 0, 0, 50f, 3.17f
47.54679, -122.03191, 20, 0, 0, 50f, 3.17f
47.54705, -122.03088, 17, 0, 0, 50f, 3.17f
47.54709, -122.03072, 12, 0, 0, 50f, 3.17f
47.54718, -122.03038, 24, 0, 0, 50f, 3.17f
47.54733, -122.02989, 15, 0, 0, 50f, 3.17f
47.54788, -122.02804, 13, 0, 0, 50f, 3.17f
47.54797, -122.02772, 24, 0, 0, 50f, 3.17f
47.54801, -122.02757, 24, 0, 0, 50f, 3.17f
47.54806, -122.02744, 29, 0, 0, 50f, 3.17f
47.5481, -122.02734, 18, 0, 0, 50f, 3.17f
47.54816, -122.02723, 29, 0, 0, 50f, 3.17f
47.54821, -122.0271, 27, 0, 0, 50f, 3.17f
47.54827, -122.02697, 5, 0, 0, 50f, 3.17f
47.54834, -122.02684, 24, 0, 0, 50f, 3.17f
47.54868, -122.02618, 12, 0, 0, 50f, 3.17f
47.54872, -122.02609, 19, 0, 0, 50f, 3.17f
47.54876, -122.02605, 17, 0, 0, 50f, 3.17f
47.54878, -122.02598, 18, 0, 0, 50f, 3.17f
47.54883, -122.02594, 9, 0, 0, 50f, 3.17f
47.54887, -122.02588, 28, 0, 0, 50f, 3.17f
47.54894, -122.02583, 15, 0, 0, 50f, 3.17f
47.54898, -122.02577, 15, 0, 0, 50f, 3.17f
47.54902, -122.02575, 13, 0, 0, 50f, 3.17f
47.54906, -122.0257, 9, 0, 0, 50f, 3.17f
47.54913, -122.02564, 25, 0, 0, 50f, 3.17f
47.54919, -122.0256, 20, 0, 0, 50f, 3.17f
47.54926, -122.02555, 19, 0, 0, 50f, 3.17f
47.5493, -122.02551, 4, 0, 0, 50f, 3.17f
47.54936, -122.02547, 5, 0, 0, 50f, 3.17f
47.54943, -122.02542, 11, 0, 0, 50f, 3.17f
47.54947, -122.0254, 13, 0, 0, 50f, 3.17f
47.54954, -122.02538, 9, 0, 0, 50f, 3.17f
47.54979, -122.02528, 19, 0, 0, 50f, 3.17f
47.55005, -122.02519, 8, 0, 0, 50f, 3.17f
47.55035, -122.02506, 12, 0, 0, 50f, 3.17f
47.55063, -122.02495, 9, 0, 0, 50f, 3.17f
47.55095, -122.02482, 18, 0, 0, 50f, 3.17f
47.55138, -122.02467, 7, 0, 0, 50f, 3.17f
47.55153, -122.02459, 10, 0, 0, 50f, 3.17f
47.55175, -122.02452, 9, 0, 0, 50f, 3.17f
47.552, -122.02442, 11, 0, 0, 50f, 3.17f
47.55209, -122.02437, 6, 0, 0, 50f, 3.17f
47.55218, -122.02433, 26, 0, 0, 50f, 3.17f
47.55237, -122.02422, 6, 0, 0, 50f, 3.17f
47.55243, -122.02418, 15, 0, 0, 50f, 3.17f
47.55252, -122.02414, 20, 0, 0, 50f, 3.17f
47.5526, -122.02407, 13, 0, 0, 50f, 3.17f
47.55271, -122.02399, 7, 0, 0, 50f, 3.17f
47.5528, -122.02392, 11, 0, 0, 50f, 3.17f
47.55288, -122.02386, 17, 0, 0, 50f, 3.17f
47.55297, -122.0238, 7, 0, 0, 50f, 3.17f
47.55306, -122.02371, 6, 0, 0, 50f, 3.17f
47.55314, -122.02362, 19, 0, 0, 50f, 3.17f
47.55323, -122.02354, 6, 0, 0, 50f, 3.17f
47.55329, -122.02345, 27, 0, 0, 50f, 3.17f
47.55353, -122.02319, 6, 0, 0, 50f, 3.17f
47.55372, -122.02294, 9, 0, 0, 50f, 3.17f
47.55378, -122.02283, 28, 0, 0, 50f, 3.17f
47.55396, -122.02257, 17, 0, 0, 50f, 3.17f
47.55421, -122.02216, 12, 0, 0, 50f, 3.17f
47.55424, -122.02212, 11, 0, 0, 50f, 3.17f
47.55436, -122.02188, 5, 0, 0, 50f, 3.17f
47.55445, -122.02176, 9, 0, 0, 50f, 3.17f
47.55471, -122.02133, 17, 0, 0, 50f, 3.17f
47.55494, -122.02092, 7, 0, 0, 50f, 3.17f
47.55516, -122.02056, 5, 0, 0, 50f, 3.17f
47.55539, -122.02017, 8, 0, 0, 50f, 3.17f
47.55557, -122.01987, 22, 0, 0, 50f, 3.17f
47.55587, -122.0194, 19, 0, 0, 50f, 3.17f
47.55608, -122.01903, 29, 0, 0, 50f, 3.17f
47.5563, -122.01867, 21, 0, 0, 50f, 3.17f
47.55675, -122.01792, 5, 0, 0, 50f, 3.17f
47.55685, -122.01774, 8, 0, 0, 50f, 3.17f
47.55696, -122.01755, 16, 0, 0, 50f, 3.17f
47.55715, -122.01721, 18, 0, 0, 50f, 3.17f
47.55776, -122.01607, 20, 0, 0, 50f, 3.17f
47.55778, -122.01594, 15, 0, 0, 50f, 3.17f
47.55782, -122.01586, 12, 0, 0, 50f, 3.17f
47.55795, -122.0156, 15, 0, 0, 50f, 3.17f
47.55825, -122.0151, 25, 0, 0, 50f, 3.17f
47.55829, -122.01508, 15, 0, 0, 50f, 3.17f
47.5584, -122.01489, 12, 0, 0, 50f, 3.17f
47.55842, -122.01482, 23, 0, 0, 50f, 3.17f
47.55863, -122.01442, 5, 0, 0, 50f, 3.17f
47.55906, -122.01356, 6, 0, 0, 50f, 3.17f
47.55958, -122.01257, 11, 0, 0, 50f, 3.17f
47.55964, -122.01244, 17, 0, 0, 50f, 3.17f
47.55981, -122.0121, 22, 0, 0, 50f, 3.17f
47.56005, -122.01163, 29, 0, 0, 50f, 3.17f
47.56037, -122.01098, 28, 0, 0, 50f, 3.17f
47.56048, -122.01079, 13, 0, 0, 50f, 3.17f
47.56067, -122.01036, 6, 0, 0, 50f, 3.17f
47.5608, -122.01013, 8, 0, 0, 50f, 3.17f
47.56097, -122.00976, 5, 0, 0, 50f, 3.17f
47.56112, -122.00948, 28, 0, 0, 50f, 3.17f
47.56149, -122.00869, 10, 0, 0, 50f, 3.17f
47.56164, -122.00834, 19, 0, 0, 50f, 3.17f
47.562, -122.00759, 15, 0, 0, 50f, 3.17f
47.56232, -122.00689, 18, 0, 0, 50f, 3.17f
47.56278, -122.00592, 4, 0, 0, 50f, 3.17f
47.56316, -122.00508, 23, 0, 0, 50f, 3.17f
47.5634, -122.00459, 12, 0, 0, 50f, 3.17f
47.5637, -122.00397, 28, 0, 0, 50f, 3.17f
47.56391, -122.00341, 8, 0, 0, 50f, 3.17f
47.56408, -122.00302, 14, 0, 0, 50f, 3.17f
47.56426, -122.00253, 28, 0, 0, 50f, 3.17f
47.56426, -122.00244, 18, 0, 0, 50f, 3.17f
47.56428, -122.00238, 29, 0, 0, 50f, 3.17f
47.56436, -122.00216, 13, 0, 0, 50f, 3.17f
47.56449, -122.00186, 14, 0, 0, 50f, 3.17f
47.56456, -122.00167, 27, 0, 0, 50f, 3.17f
47.56475, -122.0012, 5, 0, 0, 50f, 3.17f
47.56499, -122.00068, 12, 0, 0, 50f, 3.17f
47.56503, -122.0006, 22, 0, 0, 50f, 3.17f
47.56509, -122.00054, 17, 0, 0, 50f, 3.17f
47.56514, -122.00047, 11, 0, 0, 50f, 3.17f
47.56518, -122.00034, 29, 0, 0, 50f, 3.17f
47.56535, -122.0, 20, 0, 0, 50f, 3.17f
47.56552, -121.99966, 10, 0, 0, 50f, 3.17f
47.56591, -121.99882, 19, 0, 0, 50f, 3.17f
47.56614, -121.99839, 9, 0, 0, 50f, 3.17f
47.56619, -121.99828, 10, 0, 0, 50f, 3.17f
47.56623, -121.9982, 10, 0, 0, 50f, 3.17f
47.56627, -121.99811, 23, 0, 0, 50f, 3.17f
47.56634, -121.99804, 20, 0, 0, 50f, 3.17f
47.56666, -121.99755, 11, 0, 0, 50f, 3.17f
47.5673, -121.99667, 5, 0, 0, 50f, 3.17f
47.56743, -121.99646, 12, 0, 0, 50f, 3.17f
47.56752, -121.99631, 18, 0, 0, 50f, 3.17f
47.5676, -121.99614, 5, 0, 0, 50f, 3.17f
47.56767, -121.99599, 25, 0, 0, 50f, 3.17f
47.56773, -121.99575, 4, 0, 0, 50f, 3.17f
47.56784, -121.99541, 8, 0, 0, 50f, 3.17f
47.56792, -121.99508, 12, 0, 0, 50f, 3.17f
47.56801, -121.99457, 8, 0, 0, 50f, 3.17f
47.5681, -121.99423, 19, 0, 0, 50f, 3.17f
47.56816, -121.99399, 26, 0, 0, 50f, 3.17f
47.56825, -121.99378, 21, 0, 0, 50f, 3.17f
47.56831, -121.9936, 26, 0, 0, 50f, 3.17f
47.5684, -121.99341, 5, 0, 0, 50f, 3.17f
47.56846, -121.9933, 11, 0, 0, 50f, 3.17f
47.56866, -121.99296, 6, 0, 0, 50f, 3.17f
47.56906, -121.99221, 29, 0, 0, 50f, 3.17f
47.56951, -121.99139, 6, 0, 0, 50f, 3.17f
47.56964, -121.99116, 22, 0, 0, 50f, 3.17f
47.56975, -121.99094, 16, 0, 0, 50f, 3.17f
47.56988, -121.99075, 21, 0, 0, 50f, 3.17f
47.56998, -121.9906, 25, 0, 0, 50f, 3.17f
47.57007, -121.99047, 22, 0, 0, 50f, 3.17f
47.57018, -121.99036, 9, 0, 0, 50f, 3.17f
47.57029, -121.99028, 10, 0, 0, 50f, 3.17f
47.57042, -121.99019, 28, 0, 0, 50f, 3.17f
47.57048, -121.99015, 18, 0, 0, 50f, 3.17f
47.57052, -121.99013, 22, 0, 0, 50f, 3.17f
47.57067, -121.99008, 6, 0, 0, 50f, 3.17f
47.5708, -121.99006, 26, 0, 0, 50f, 3.17f
47.57084, -121.99004, 25, 0, 0, 50f, 3.17f
47.57119, -121.99002, 27, 0, 0, 50f, 3.17f
47.57144, -121.99002, 20, 0, 0, 50f, 3.17f
47.5717, -121.99, 16, 0, 0, 50f, 3.17f
47.57183, -121.98998, 6, 0, 0, 50f, 3.17f
47.57207, -121.98996, 26, 0, 0, 50f, 3.17f
47.5723, -121.98991, 27, 0, 0, 50f, 3.17f
47.57254, -121.98987, 8, 0, 0, 50f, 3.17f
47.57278, -121.98978, 18, 0, 0, 50f, 3.17f
47.57286, -121.98976, 25, 0, 0, 50f, 3.17f
47.57299, -121.9897, 13, 0, 0, 50f, 3.17f
47.57322, -121.98959, 18, 0, 0, 50f, 3.17f
47.57344, -121.98946, 29, 0, 0, 50f, 3.17f
47.57366, -121.98933, 29, 0, 0, 50f, 3.17f
47.57374, -121.98927, 26, 0, 0, 50f, 3.17f
47.57406, -121.98906, 24, 0, 0, 50f, 3.17f
47.57434, -121.98888, 20, 0, 0, 50f, 3.17f
47.57438, -121.98884, 24, 0, 0, 50f, 3.17f
47.57468, -121.98865, 20, 0, 0, 50f, 3.17f
47.57473, -121.98863, 17, 0, 0, 50f, 3.17f
47.57505, -121.98839, 20, 0, 0, 50f, 3.17f
47.57518, -121.98828, 8, 0, 0, 50f, 3.17f
47.57539, -121.98811, 10, 0, 0, 50f, 3.17f
47.5758, -121.98777, 7, 0, 0, 50f, 3.17f
47.57586, -121.98772, 29, 0, 0, 50f, 3.17f
47.57758, -121.98646, 8, 0, 0, 50f, 3.17f
47.57859, -121.98571, 20, 0, 0, 50f, 3.17f
47.57898, -121.98543, 28, 0, 0, 50f, 3.17f
47.57915, -121.9853, 22, 0, 0, 50f, 3.17f
47.57923, -121.98521, 15, 0, 0, 50f, 3.17f
47.57932, -121.98515, 15, 0, 0, 50f, 3.17f
47.57936, -121.98511, 10, 0, 0, 50f, 3.17f
47.5794, -121.98506, 18, 0, 0, 50f, 3.17f
47.57945, -121.98504, 9, 0, 0, 50f, 3.17f
47.57949, -121.985, 19, 0, 0, 50f, 3.17f
47.57951, -121.98498, 9, 0, 0, 50f, 3.17f
47.57956, -121.98494, 8, 0, 0, 50f, 3.17f
47.57958, -121.98491, 29, 0, 0, 50f, 3.17f
47.57962, -121.98487, 24, 0, 0, 50f, 3.17f
47.57966, -121.98481, 8, 0, 0, 50f, 3.17f
47.57975, -121.9847, 9, 0, 0, 50f, 3.17f
47.57979, -121.98466, 25, 0, 0, 50f, 3.17f
47.57986, -121.98459, 20, 0, 0, 50f, 3.17f
47.57992, -121.98451, 14, 0, 0, 50f, 3.17f
47.57996, -121.98442, 6, 0, 0, 50f, 3.17f
47.58003, -121.98436, 10, 0, 0, 50f, 3.17f
47.58007, -121.98429, 12, 0, 0, 50f, 3.17f
47.58018, -121.98414, 17, 0, 0, 50f, 3.17f
47.58037, -121.98386, 24, 0, 0, 50f, 3.17f
47.58099, -121.98298, 8, 0, 0, 50f, 3.17f
47.58159, -121.98212, 10, 0, 0, 50f, 3.17f
47.58174, -121.98189, 16, 0, 0, 50f, 3.17f
47.58262, -121.98064, 27, 0, 0, 50f, 3.17f
47.58286, -121.98032, 25, 0, 0, 50f, 3.17f
47.58305, -121.98004, 4, 0, 0, 50f, 3.17f
47.5832, -121.97983, 23, 0, 0, 50f, 3.17f
47.58322, -121.97978, 24, 0, 0, 50f, 3.17f
47.58327, -121.97974, 7, 0, 0, 50f, 3.17f
47.58331, -121.97964, 9, 0, 0, 50f, 3.17f
47.58335, -121.97957, 15, 0, 0, 50f, 3.17f
47.58342, -121.97948, 27, 0, 0, 50f, 3.17f
47.58346, -121.9794, 7, 0, 0, 50f, 3.17f
47.58348, -121.97933, 19, 0, 0, 50f, 3.17f
47.5835, -121.97927, 12, 0, 0, 50f, 3.17f
47.58355, -121.97921, 18, 0, 0, 50f, 3.17f
47.58359, -121.97912, 13, 0, 0, 50f, 3.17f
47.58372, -121.9788, 19, 0, 0, 50f, 3.17f
47.58378, -121.97863, 19, 0, 0, 50f, 3.17f
47.58383, -121.97848, 19, 0, 0, 50f, 3.17f
47.58387, -121.97839, 17, 0, 0, 50f, 3.17f
47.58389, -121.97826, 12, 0, 0, 50f, 3.17f
47.58391, -121.97818, 27, 0, 0, 50f, 3.17f
47.58395, -121.97807, 23, 0, 0, 50f, 3.17f
47.58398, -121.97794, 10, 0, 0, 50f, 3.17f
47.58402, -121.97777, 24, 0, 0, 50f, 3.17f
47.58406, -121.97751, 14, 0, 0, 50f, 3.17f
47.5841, -121.97708, 27, 0, 0, 50f, 3.17f
47.58415, -121.97672, 14, 0, 0, 50f, 3.17f
47.58419, -121.97633, 16, 0, 0, 50f, 3.17f
47.58423, -121.97588, 28, 0, 0, 50f, 3.17f
47.5843, -121.97504, 5, 0, 0, 50f, 3.17f
47.58432, -121.97472, 26, 0, 0, 50f, 3.17f
47.58434, -121.97431, 23, 0, 0, 50f, 3.17f
47.58438, -121.97401, 13, 0, 0, 50f, 3.17f
47.5844, -121.97365, 29, 0, 0, 50f, 3.17f
47.58443, -121.97339, 17, 0, 0, 50f, 3.17f
47.58443, -121.9733, 11, 0, 0, 50f, 3.17f
47.58449, -121.97266, 8, 0, 0, 50f, 3.17f
47.58449, -121.97242, 22, 0, 0, 50f, 3.17f
47.58451, -121.97232, 20, 0, 0, 50f, 3.17f
47.58451, -121.97225, 19, 0, 0, 50f, 3.17f
47.58451, -121.97219, 4, 0, 0, 50f, 3.17f
47.58451, -121.97215, 9, 0, 0, 50f, 3.17f
47.58451, -121.97206, 21, 0, 0, 50f, 3.17f
47.58451, -121.97202, 14, 0, 0, 50f, 3.17f
47.58451, -121.97197, 5, 0, 0, 50f, 3.17f
47.58451, -121.97187, 19, 0, 0, 50f, 3.17f
47.58451, -121.9717, 26, 0, 0, 50f, 3.17f
47.58451, -121.97157, 22, 0, 0, 50f, 3.17f
47.58451, -121.97148, 9, 0, 0, 50f, 3.17f
47.58451, -121.9714, 22, 0, 0, 50f, 3.17f
47.58449, -121.97124, 21, 0, 0, 50f, 3.17f
47.58449, -121.9711, 15, 0, 0, 50f, 3.17f
47.58449, -121.97103, 15, 0, 0, 50f, 3.17f
47.58449, -121.9709, 19, 0, 0, 50f, 3.17f
47.58449, -121.97079, 12, 0, 0, 50f, 3.17f
47.58447, -121.97073, 10, 0, 0, 50f, 3.17f
47.58447, -121.97066, 12, 0, 0, 50f, 3.17f
47.58447, -121.9706, 25, 0, 0, 50f, 3.17f
47.58447, -121.97054, 17, 0, 0, 50f, 3.17f
47.58445, -121.97041, 20, 0, 0, 50f, 3.17f
47.5844, -121.96983, 19, 0, 0, 50f, 3.17f
47.5844, -121.9697, 28, 0, 0, 50f, 3.17f
47.58438, -121.96923, 27, 0, 0, 50f, 3.17f
47.58438, -121.9691, 23, 0, 0, 50f, 3.17f
47.58438, -121.96901, 17, 0, 0, 50f, 3.17f
47.58438, -121.96895, 21, 0, 0, 50f, 3.17f
47.58438, -121.96886, 21, 0, 0, 50f, 3.17f
47.58438, -121.96869, 19, 0, 0, 50f, 3.17f
47.58438, -121.96861, 15, 0, 0, 50f, 3.17f
47.58438, -121.96852, 8, 0, 0, 50f, 3.17f
47.58445, -121.96798, 11, 0, 0, 50f, 3.17f
47.58447, -121.96777, 15, 0, 0, 50f, 3.17f
47.58453, -121.96736, 6, 0, 0, 50f, 3.17f
47.58453, -121.96721, 22, 0, 0, 50f, 3.17f
47.58466, -121.96633, 6, 0, 0, 50f, 3.17f
47.58468, -121.96612, 7, 0, 0, 50f, 3.17f
47.58468, -121.96592, 20, 0, 0, 50f, 3.17f
47.58468, -121.96577, 29, 0, 0, 50f, 3.17f
47.58468, -121.96562, 19, 0, 0, 50f, 3.17f
47.58466, -121.96549, 19, 0, 0, 50f, 3.17f
47.58464, -121.96532, 29, 0, 0, 50f, 3.17f
47.58462, -121.96524, 13, 0, 0, 50f, 3.17f
47.58462, -121.96522, 22, 0, 0, 50f, 3.17f
47.58458, -121.96509, 7, 0, 0, 50f, 3.17f
47.5844, -121.96451, 19, 0, 0, 50f, 3.17f
47.58436, -121.96427, 8, 0, 0, 50f, 3.17f
47.58432, -121.96416, 7, 0, 0, 50f, 3.17f
47.5843, -121.96406, 7, 0, 0, 50f, 3.17f
47.58426, -121.96374, 19, 0, 0, 50f, 3.17f
47.58419, -121.96328, 29, 0, 0, 50f, 3.17f
47.58417, -121.96313, 22, 0, 0, 50f, 3.17f
47.58417, -121.96305, 21, 0, 0, 50f, 3.17f
47.58415, -121.96294, 11, 0, 0, 50f, 3.17f
47.58415, -121.96281, 27, 0, 0, 50f, 3.17f
47.58415, -121.96268, 24, 0, 0, 50f, 3.17f
47.58417, -121.96255, 8, 0, 0, 50f, 3.17f
47.58419, -121.96243, 20, 0, 0, 50f, 3.17f
47.58423, -121.96228, 26, 0, 0, 50f, 3.17f
47.58426, -121.96219, 15, 0, 0, 50f, 3.17f
47.5844, -121.9617, 9, 0, 0, 50f, 3.17f
47.58445, -121.96155, 10, 0, 0, 50f, 3.17f
47.58449, -121.96142, 21, 0, 0, 50f, 3.17f
47.58451, -121.96129, 10, 0, 0, 50f, 3.17f
47.58468, -121.96047, 16, 0, 0, 50f, 3.17f
47.58473, -121.9603, 17, 0, 0, 50f, 3.17f
47.58477, -121.96, 10, 0, 0, 50f, 3.17f
47.58481, -121.95979, 5, 0, 0, 50f, 3.17f
47.58486, -121.95962, 14, 0, 0, 50f, 3.17f
47.58488, -121.95949, 29, 0, 0, 50f, 3.17f
47.5849, -121.95936, 4, 0, 0, 50f, 3.17f
47.5849, -121.95923, 18, 0, 0, 50f, 3.17f
47.58492, -121.95897, 24, 0, 0, 50f, 3.17f
47.58492, -121.95852, 6, 0, 0, 50f, 3.17f
47.58492, -121.9582, 22, 0, 0, 50f, 3.17f
47.58492, -121.95781, 9, 0, 0, 50f, 3.17f
47.58494, -121.95719, 14, 0, 0, 50f, 3.17f
47.58494, -121.95676, 25, 0, 0, 50f, 3.17f
47.58496, -121.95646, 13, 0, 0, 50f, 3.17f
47.58498, -121.95622, 26, 0, 0, 50f, 3.17f
47.58503, -121.95603, 27, 0, 0, 50f, 3.17f
47.58505, -121.95588, 15, 0, 0, 50f, 3.17f
47.58509, -121.95571, 17, 0, 0, 50f, 3.17f
47.58514, -121.9556, 5, 0, 0, 50f, 3.17f
47.58516, -121.9555, 13, 0, 0, 50f, 3.17f
47.58524, -121.95526, 29, 0, 0, 50f, 3.17f
47.58528, -121.95513, 6, 0, 0, 50f, 3.17f
47.58535, -121.95498, 21, 0, 0, 50f, 3.17f
47.58548, -121.95474, 27, 0, 0, 50f, 3.17f
47.58561, -121.95453, 21, 0, 0, 50f, 3.17f
47.58576, -121.95436, 18, 0, 0, 50f, 3.17f
47.58586, -121.95421, 12, 0, 0, 50f, 3.17f
47.58591, -121.95414, 17, 0, 0, 50f, 3.17f
47.58599, -121.95408, 17, 0, 0, 50f, 3.17f
47.5861, -121.95395, 17, 0, 0, 50f, 3.17f
47.58625, -121.95386, 19, 0, 0, 50f, 3.17f
47.58638, -121.95376, 27, 0, 0, 50f, 3.17f
47.58644, -121.95371, 29, 0, 0, 50f, 3.17f
47.58657, -121.95365, 19, 0, 0, 50f, 3.17f
47.58679, -121.95356, 26, 0, 0, 50f, 3.17f
47.58689, -121.95354, 5, 0, 0, 50f, 3.17f
47.58715, -121.95348, 23, 0, 0, 50f, 3.17f
47.58773, -121.95339, 10, 0, 0, 50f, 3.17f
47.5878, -121.95337, 18, 0, 0, 50f, 3.17f
47.58792, -121.95337, 21, 0, 0, 50f, 3.17f
47.58805, -121.95335, 14, 0, 0, 50f, 3.17f
47.5881, -121.95333, 25, 0, 0, 50f, 3.17f
47.58818, -121.95328, 15, 0, 0, 50f, 3.17f
47.58827, -121.95322, 23, 0, 0, 50f, 3.17f
47.58831, -121.9532, 25, 0, 0, 50f, 3.17f
47.58852, -121.95356, 23, 0, 0, 50f, 3.17f
47.58917, -121.95464, 24, 0, 0, 50f, 3.17f
47.58928, -121.95481, 13, 0, 0, 50f, 3.17f
47.5893, -121.95483, 26, 0, 0, 50f, 3.17f
47.58953, -121.95519, 12, 0, 0, 50f, 3.17f
47.58975, -121.95552, 26, 0, 0, 50f, 3.17f
47.59009, -121.95597, 4, 0, 0, 50f, 3.17f
47.59033, -121.95625, 19, 0, 0, 50f, 3.17f
47.59056, -121.9565, 24, 0, 0, 50f, 3.17f
47.5908, -121.95676, 29, 0, 0, 50f, 3.17f
47.59108, -121.95702, 4, 0, 0, 50f, 3.17f
47.59116, -121.9571, 7, 0, 0, 50f, 3.17f
47.59232, -121.95818, 19, 0, 0, 50f, 3.17f
47.5932, -121.95901, 17, 0, 0, 50f, 3.17f
47.59346, -121.95923, 12, 0, 0, 50f, 3.17f
47.59374, -121.95944, 13, 0, 0, 50f, 3.17f
47.59402, -121.95966, 6, 0, 0, 50f, 3.17f
47.59432, -121.95985, 12, 0, 0, 50f, 3.17f
47.59453, -121.95998, 19, 0, 0, 50f, 3.17f
47.5949, -121.96019, 21, 0, 0, 50f, 3.17f
47.59561, -121.9606, 19, 0, 0, 50f, 3.17f
47.59612, -121.9609, 23, 0, 0, 50f, 3.17f
47.5964, -121.96107, 26, 0, 0, 50f, 3.17f
47.59668, -121.96122, 26, 0, 0, 50f, 3.17f
47.59694, -121.96133, 10, 0, 0, 50f, 3.17f
47.59722, -121.96144, 23, 0, 0, 50f, 3.17f
47.59749, -121.96155, 14, 0, 0, 50f, 3.17f
47.5978, -121.96161, 21, 0, 0, 50f, 3.17f
47.59807, -121.96168, 23, 0, 0, 50f, 3.17f
47.59835, -121.96172, 9, 0, 0, 50f, 3.17f
47.59863, -121.96174, 26, 0, 0, 50f, 3.17f
47.59893, -121.96176, 10, 0, 0, 50f, 3.17f
47.59923, -121.96176, 7, 0, 0, 50f, 3.17f
47.5996, -121.96174, 19, 0, 0, 50f, 3.17f
47.60009, -121.96168, 22, 0, 0, 50f, 3.17f
47.60033, -121.96165, 19, 0, 0, 50f, 3.17f
47.60118, -121.96157, 9, 0, 0, 50f, 3.17f
47.60206, -121.96148, 4, 0, 0, 50f, 3.17f
47.60282, -121.96142, 12, 0, 0, 50f, 3.17f
47.60318, -121.96137, 11, 0, 0, 50f, 3.17f
47.60352, -121.96133, 25, 0, 0, 50f, 3.17f
47.60387, -121.96127, 22, 0, 0, 50f, 3.17f
47.60423, -121.96118, 6, 0, 0, 50f, 3.17f
47.60458, -121.9611, 14, 0, 0, 50f, 3.17f
47.60492, -121.96099, 14, 0, 0, 50f, 3.17f
47.60526, -121.96086, 9, 0, 0, 50f, 3.17f
47.6056, -121.96069, 17, 0, 0, 50f, 3.17f
47.60599, -121.9605, 8, 0, 0, 50f, 3.17f
47.60625, -121.96039, 22, 0, 0, 50f, 3.17f
47.60651, -121.96026, 25, 0, 0, 50f, 3.17f
47.60689, -121.96006, 28, 0, 0, 50f, 3.17f
47.60794, -121.95953, 18, 0, 0, 50f, 3.17f
47.60831, -121.95936, 28, 0, 0, 50f, 3.17f
47.60934, -121.95884, 23, 0, 0, 50f, 3.17f
47.61026, -121.95837, 15, 0, 0, 50f, 3.17f
47.61073, -121.95816, 4, 0, 0, 50f, 3.17f
47.61118, -121.95796, 6, 0, 0, 50f, 3.17f
47.61144, -121.95788, 11, 0, 0, 50f, 3.17f
47.61159, -121.95783, 16, 0, 0, 50f, 3.17f
47.61198, -121.9577, 27, 0, 0, 50f, 3.17f
47.61226, -121.95764, 24, 0, 0, 50f, 3.17f
47.61251, -121.95758, 29, 0, 0, 50f, 3.17f
47.61273, -121.95753, 9, 0, 0, 50f, 3.17f
47.61307, -121.95747, 6, 0, 0, 50f, 3.17f
47.61344, -121.95745, 14, 0, 0, 50f, 3.17f
47.61378, -121.95743, 14, 0, 0, 50f, 3.17f
47.61412, -121.9574, 29, 0, 0, 50f, 3.17f
47.61449, -121.95743, 7, 0, 0, 50f, 3.17f
47.61483, -121.95745, 20, 0, 0, 50f, 3.17f
47.6152, -121.95749, 27, 0, 0, 50f, 3.17f
47.61554, -121.95753, 15, 0, 0, 50f, 3.17f
47.61571, -121.95758, 4, 0, 0, 50f, 3.17f
47.61588, -121.9576, 11, 0, 0, 50f, 3.17f
47.61612, -121.95766, 10, 0, 0, 50f, 3.17f
47.61631, -121.95773, 8, 0, 0, 50f, 3.17f
47.61642, -121.95775, 13, 0, 0, 50f, 3.17f
47.61706, -121.95796, 13, 0, 0, 50f, 3.17f
47.61747, -121.95811, 9, 0, 0, 50f, 3.17f
47.61784, -121.95824, 25, 0, 0, 50f, 3.17f
47.61814, -121.95837, 9, 0, 0, 50f, 3.17f
47.61842, -121.95852, 13, 0, 0, 50f, 3.17f
47.61867, -121.95865, 12, 0, 0, 50f, 3.17f
47.61891, -121.95882, 27, 0, 0, 50f, 3.17f
47.61914, -121.95899, 28, 0, 0, 50f, 3.17f
47.61938, -121.95919, 12, 0, 0, 50f, 3.17f
47.6196, -121.95938, 6, 0, 0, 50f, 3.17f
47.62, -121.95976, 10, 0, 0, 50f, 3.17f
47.62005, -121.95981, 16, 0, 0, 50f, 3.17f
47.62026, -121.96002, 27, 0, 0, 50f, 3.17f
47.62028, -121.96009, 7, 0, 0, 50f, 3.17f
47.62045, -121.96028, 25, 0, 0, 50f, 3.17f
47.62065, -121.96056, 29, 0, 0, 50f, 3.17f
47.62075, -121.96073, 10, 0, 0, 50f, 3.17f
47.62084, -121.96086, 22, 0, 0, 50f, 3.17f
47.62103, -121.96118, 20, 0, 0, 50f, 3.17f
47.62123, -121.96152, 12, 0, 0, 50f, 3.17f
47.6214, -121.96187, 18, 0, 0, 50f, 3.17f
47.62155, -121.96221, 12, 0, 0, 50f, 3.17f
47.6217, -121.96258, 19, 0, 0, 50f, 3.17f
47.62185, -121.96296, 17, 0, 0, 50f, 3.17f
47.62198, -121.96335, 14, 0, 0, 50f, 3.17f
47.62213, -121.96386, 22, 0, 0, 50f, 3.17f
47.6223, -121.9644, 20, 0, 0, 50f, 3.17f
47.62232, -121.96446, 6, 0, 0, 50f, 3.17f
47.62234, -121.96457, 25, 0, 0, 50f, 3.17f
47.62236, -121.96464, 21, 0, 0, 50f, 3.17f
47.62238, -121.96472, 13, 0, 0, 50f, 3.17f
47.62245, -121.96472, 4, 0, 0, 50f, 3.17f
47.62247, -121.96472, 16, 0, 0, 50f, 3.17f
47.62249, -121.96472, 16, 0, 0, 50f, 3.17f
47.62251, -121.96474, 27, 0, 0, 50f, 3.17f
47.62254, -121.96476, 28, 0, 0, 50f, 3.17f
47.62258, -121.96487, 18, 0, 0, 50f, 3.17f
47.62262, -121.96492, 16, 0, 0, 50f, 3.17f
47.62266, -121.96498, 6, 0, 0, 50f, 3.17f
47.62268, -121.96502, 6, 0, 0, 50f, 3.17f
47.62273, -121.96504, 17, 0, 0, 50f, 3.17f
47.62277, -121.96511, 26, 0, 0, 50f, 3.17f
47.62281, -121.96517, 22, 0, 0, 50f, 3.17f
47.62286, -121.96524, 25, 0, 0, 50f, 3.17f
47.62296, -121.96534, 19, 0, 0, 50f, 3.17f
47.62305, -121.96543, 7, 0, 0, 50f, 3.17f
47.62326, -121.96569, 4, 0, 0, 50f, 3.17f
47.62344, -121.96586, 19, 0, 0, 50f, 3.17f
47.6235, -121.96597, 26, 0, 0, 50f, 3.17f
47.62359, -121.96607, 4, 0, 0, 50f, 3.17f
47.62365, -121.96616, 21, 0, 0, 50f, 3.17f
47.62378, -121.96633, 19, 0, 0, 50f, 3.17f
47.62384, -121.96646, 22, 0, 0, 50f, 3.17f
47.62391, -121.96652, 19, 0, 0, 50f, 3.17f
47.62395, -121.96659, 21, 0, 0, 50f, 3.17f
47.62404, -121.96667, 21, 0, 0, 50f, 3.17f
47.62408, -121.96672, 12, 0, 0, 50f, 3.17f
47.62414, -121.96676, 7, 0, 0, 50f, 3.17f
47.62421, -121.9668, 19, 0, 0, 50f, 3.17f
47.62427, -121.96685, 13, 0, 0, 50f, 3.17f
47.6244, -121.96693, 11, 0, 0, 50f, 3.17f
47.62447, -121.96698, 18, 0, 0, 50f, 3.17f
47.62457, -121.96702, 16, 0, 0, 50f, 3.17f
47.62472, -121.9671, 28, 0, 0, 50f, 3.17f
47.62481, -121.96717, 14, 0, 0, 50f, 3.17f
47.6249, -121.96721, 7, 0, 0, 50f, 3.17f
47.62498, -121.96725, 9, 0, 0, 50f, 3.17f
47.62502, -121.9673, 25, 0, 0, 50f, 3.17f
47.62511, -121.96734, 10, 0, 0, 50f, 3.17f
47.62518, -121.96738, 5, 0, 0, 50f, 3.17f
47.62526, -121.96742, 5, 0, 0, 50f, 3.17f
47.6253, -121.96745, 24, 0, 0, 50f, 3.17f
47.62537, -121.96749, 4, 0, 0, 50f, 3.17f
47.62543, -121.96753, 11, 0, 0, 50f, 3.17f
47.6255, -121.9676, 5, 0, 0, 50f, 3.17f
47.62558, -121.96766, 19, 0, 0, 50f, 3.17f
47.62565, -121.96773, 28, 0, 0, 50f, 3.17f
47.62573, -121.96779, 10, 0, 0, 50f, 3.17f
47.6258, -121.96785, 24, 0, 0, 50f, 3.17f
47.62588, -121.96794, 23, 0, 0, 50f, 3.17f
47.62599, -121.968, 22, 0, 0, 50f, 3.17f
47.62605, -121.96807, 12, 0, 0, 50f, 3.17f
47.62616, -121.96813, 5, 0, 0, 50f, 3.17f
47.6262, -121.96816, 5, 0, 0, 50f, 3.17f
47.62627, -121.9682, 19, 0, 0, 50f, 3.17f
47.62636, -121.96824, 28, 0, 0, 50f, 3.17f
47.6264, -121.96824, 12, 0, 0, 50f, 3.17f
47.62646, -121.96826, 29, 0, 0, 50f, 3.17f
47.62653, -121.96824, 25, 0, 0, 50f, 3.17f
47.62657, -121.96824, 9, 0, 0, 50f, 3.17f
47.62663, -121.96822, 8, 0, 0, 50f, 3.17f
47.62668, -121.96818, 6, 0, 0, 50f, 3.17f
47.62672, -121.96816, 29, 0, 0, 50f, 3.17f
47.62678, -121.96811, 11, 0, 0, 50f, 3.17f
47.6268, -121.96805, 21, 0, 0, 50f, 3.17f
47.62685, -121.968, 24, 0, 0, 50f, 3.17f
47.62687, -121.96794, 20, 0, 0, 50f, 3.17f
47.62691, -121.96788, 15, 0, 0, 50f, 3.17f
47.62693, -121.96783, 20, 0, 0, 50f, 3.17f
47.62696, -121.96775, 15, 0, 0, 50f, 3.17f
47.62696, -121.96766, 26, 0, 0, 50f, 3.17f
47.62698, -121.96758, 10, 0, 0, 50f, 3.17f
47.62698, -121.96749, 18, 0, 0, 50f, 3.17f
47.62698, -121.96742, 16, 0, 0, 50f, 3.17f
47.62698, -121.96738, 19, 0, 0, 50f, 3.17f
47.62696, -121.96732, 9, 0, 0, 50f, 3.17f
47.62696, -121.96725, 29, 0, 0, 50f, 3.17f
47.62693, -121.96715, 14, 0, 0, 50f, 3.17f
47.62689, -121.96708, 18, 0, 0, 50f, 3.17f
47.62685, -121.967, 22, 0, 0, 50f, 3.17f
47.6268, -121.96693, 14, 0, 0, 50f, 3.17f
47.62674, -121.96685, 29, 0, 0, 50f, 3.17f
47.62666, -121.96672, 10, 0, 0, 50f, 3.17f
47.62655, -121.96659, 6, 0, 0, 50f, 3.17f
47.6264, -121.96642, 8, 0, 0, 50f, 3.17f
47.6262, -121.96618, 14, 0, 0, 50f, 3.17f
47.62614, -121.96612, 21, 0, 0, 50f, 3.17f
47.62608, -121.96603, 13, 0, 0, 50f, 3.17f
47.62601, -121.96594, 12, 0, 0, 50f, 3.17f
47.62597, -121.96588, 28, 0, 0, 50f, 3.17f
47.62593, -121.96584, 15, 0, 0, 50f, 3.17f
47.62588, -121.96575, 28, 0, 0, 50f, 3.17f
47.62582, -121.96567, 27, 0, 0, 50f, 3.17f
47.6258, -121.9656, 26, 0, 0, 50f, 3.17f
47.62573, -121.96549, 6, 0, 0, 50f, 3.17f
47.62571, -121.96543, 5, 0, 0, 50f, 3.17f
47.62569, -121.96536, 27, 0, 0, 50f, 3.17f
47.62567, -121.96526, 18, 0, 0, 50f, 3.17f
47.62565, -121.96522, 14, 0, 0, 50f, 3.17f
47.62562, -121.96506, 25, 0, 0, 50f, 3.17f
47.6256, -121.96496, 4, 0, 0, 50f, 3.17f
47.62558, -121.96483, 12, 0, 0, 50f, 3.17f
47.62556, -121.96472, 20, 0, 0, 50f, 3.17f
47.62552, -121.96459, 12, 0, 0, 50f, 3.17f
47.6255, -121.96442, 5, 0, 0, 50f, 3.17f
47.62545, -121.96421, 14, 0, 0, 50f, 3.17f
47.62541, -121.96406, 24, 0, 0, 50f, 3.17f
47.62539, -121.96391, 21, 0, 0, 50f, 3.17f
47.62537, -121.96376, 4, 0, 0, 50f, 3.17f
47.62535, -121.96363, 7, 0, 0, 50f, 3.17f
47.6253, -121.96333, 27, 0, 0, 50f, 3.17f
47.6253, -121.96322, 9, 0, 0, 50f, 3.17f
47.62528, -121.96311, 24, 0, 0, 50f, 3.17f
47.62528, -121.96294, 20, 0, 0, 50f, 3.17f
47.62526, -121.96286, 24, 0, 0, 50f, 3.17f
47.62526, -121.96279, 5, 0, 0, 50f, 3.17f
47.62526, -121.96264, 28, 0, 0, 50f, 3.17f
47.62526, -121.96251, 20, 0, 0, 50f, 3.17f
47.62528, -121.96236, 14, 0, 0, 50f, 3.17f
47.6253, -121.96223, 14, 0, 0, 50f, 3.17f
47.62532, -121.96204, 14, 0, 0, 50f, 3.17f
47.62535, -121.96187, 11, 0, 0, 50f, 3.17f
47.62539, -121.96172, 28, 0, 0, 50f, 3.17f
47.62541, -121.96155, 23, 0, 0, 50f, 3.17f
47.62543, -121.96144, 24, 0, 0, 50f, 3.17f
47.62545, -121.96135, 15, 0, 0, 50f, 3.17f
47.62548, -121.96125, 6, 0, 0, 50f, 3.17f
47.62548, -121.96116, 26, 0, 0, 50f, 3.17f
47.6255, -121.96107, 17, 0, 0, 50f, 3.17f
47.62552, -121.96094, 20, 0, 0, 50f, 3.17f
47.62556, -121.9608, 29, 0, 0, 50f, 3.17f
47.62558, -121.96062, 13, 0, 0, 50f, 3.17f
47.62562, -121.9605, 23, 0, 0, 50f, 3.17f
47.62567, -121.96028, 17, 0, 0, 50f, 3.17f
47.62569, -121.96017, 22, 0, 0, 50f, 3.17f
47.62573, -121.96002, 25, 0, 0, 50f, 3.17f
47.62575, -121.95994, 7, 0, 0, 50f, 3.17f
47.62578, -121.95987, 24, 0, 0, 50f, 3.17f
47.62582, -121.95972, 4, 0, 0, 50f, 3.17f
47.62586, -121.95959, 29, 0, 0, 50f, 3.17f
47.62593, -121.9594, 6, 0, 0, 50f, 3.17f
47.62599, -121.95929, 16, 0, 0, 50f, 3.17f
47.62601, -121.95921, 6, 0, 0, 50f, 3.17f
47.62605, -121.95912, 27, 0, 0, 50f, 3.17f
47.6261, -121.95906, 21, 0, 0, 50f, 3.17f
47.62612, -121.95901, 17, 0, 0, 50f, 3.17f
47.62614, -121.95897, 5, 0, 0, 50f, 3.17f
47.62616, -121.95893, 22, 0, 0, 50f, 3.17f
47.6262, -121.95886, 21, 0, 0, 50f, 3.17f
47.62625, -121.95882, 18, 0, 0, 50f, 3.17f
47.62629, -121.95876, 20, 0, 0, 50f, 3.17f
47.62636, -121.95871, 16, 0, 0, 50f, 3.17f
47.6264, -121.95867, 21, 0, 0, 50f, 3.17f
47.62648, -121.95863, 7, 0, 0, 50f, 3.17f
47.62653, -121.95858, 28, 0, 0, 50f, 3.17f
47.62659, -121.95856, 23, 0, 0, 50f, 3.17f
47.62668, -121.95854, 29, 0, 0, 50f, 3.17f
47.62676, -121.95852, 21, 0, 0, 50f, 3.17f
47.62685, -121.95852, 7, 0, 0, 50f, 3.17f
47.62691, -121.95852, 26, 0, 0, 50f, 3.17f
47.62708, -121.95854, 24, 0, 0, 50f, 3.17f
47.62717, -121.95854, 29, 0, 0, 50f, 3.17f
47.62723, -121.95856, 23, 0, 0, 50f, 3.17f
47.62743, -121.95856, 14, 0, 0, 50f, 3.17f
47.62751, -121.95858, 23, 0, 0, 50f, 3.17f
47.62758, -121.95858, 14, 0, 0, 50f, 3.17f
47.62764, -121.95856, 10, 0, 0, 50f, 3.17f
47.62771, -121.95854, 12, 0, 0, 50f, 3.17f
47.62775, -121.95852, 28, 0, 0, 50f, 3.17f
47.62781, -121.9585, 12, 0, 0, 50f, 3.17f
47.62784, -121.95846, 20, 0, 0, 50f, 3.17f
47.6279, -121.95841, 9, 0, 0, 50f, 3.17f
47.62794, -121.95837, 14, 0, 0, 50f, 3.17f
47.62798, -121.95831, 7, 0, 0, 50f, 3.17f
47.62803, -121.95826, 22, 0, 0, 50f, 3.17f
47.62805, -121.95822, 8, 0, 0, 50f, 3.17f
47.62807, -121.95816, 13, 0, 0, 50f, 3.17f
47.62811, -121.95807, 5, 0, 0, 50f, 3.17f
47.62814, -121.95798, 16, 0, 0, 50f, 3.17f
47.62816, -121.95792, 4, 0, 0, 50f, 3.17f
47.62818, -121.95783, 21, 0, 0, 50f, 3.17f
47.6282, -121.95773, 5, 0, 0, 50f, 3.17f
47.6282, -121.95766, 24, 0, 0, 50f, 3.17f
47.6282, -121.95762, 19, 0, 0, 50f, 3.17f
47.6282, -121.95751, 25, 0, 0, 50f, 3.17f
47.6282, -121.95743, 20, 0, 0, 50f, 3.17f
47.62818, -121.95734, 4, 0, 0, 50f, 3.17f
47.62818, -121.95728, 19, 0, 0, 50f, 3.17f
47.62816, -121.95717, 23, 0, 0, 50f, 3.17f
47.62814, -121.957, 21, 0, 0, 50f, 3.17f
47.62811, -121.95685, 8, 0, 0, 50f, 3.17f
47.62809, -121.95676, 19, 0, 0, 50f, 3.17f
47.62807, -121.9567, 9, 0, 0, 50f, 3.17f
47.62807, -121.95659, 8, 0, 0, 50f, 3.17f
47.62807, -121.95648, 9, 0, 0, 50f, 3.17f
47.62805, -121.95638, 28, 0, 0, 50f, 3.17f
47.62805, -121.95627, 19, 0, 0, 50f, 3.17f
47.62805, -121.95614, 13, 0, 0, 50f, 3.17f
47.62805, -121.95597, 19, 0, 0, 50f, 3.17f
47.62805, -121.95582, 22, 0, 0, 50f, 3.17f
47.62805, -121.95569, 5, 0, 0, 50f, 3.17f
47.62807, -121.95558, 4, 0, 0, 50f, 3.17f
47.62807, -121.95543, 4, 0, 0, 50f, 3.17f
47.62809, -121.95528, 14, 0, 0, 50f, 3.17f
47.62811, -121.95515, 18, 0, 0, 50f, 3.17f
47.62814, -121.95504, 17, 0, 0, 50f, 3.17f
47.62816, -121.95496, 7, 0, 0, 50f, 3.17f
47.62818, -121.95489, 4, 0, 0, 50f, 3.17f
47.6282, -121.95481, 20, 0, 0, 50f, 3.17f
47.62822, -121.95472, 12, 0, 0, 50f, 3.17f
47.62824, -121.95464, 4, 0, 0, 50f, 3.17f
47.62826, -121.95457, 16, 0, 0, 50f, 3.17f
47.62829, -121.95446, 15, 0, 0, 50f, 3.17f
47.62833, -121.95434, 5, 0, 0, 50f, 3.17f
47.62839, -121.95416, 4, 0, 0, 50f, 3.17f
47.62844, -121.95399, 20, 0, 0, 50f, 3.17f
47.6285, -121.95386, 7, 0, 0, 50f, 3.17f
47.62854, -121.95371, 4, 0, 0, 50f, 3.17f
47.62861, -121.95358, 18, 0, 0, 50f, 3.17f
47.62865, -121.95346, 20, 0, 0, 50f, 3.17f
47.62872, -121.95333, 10, 0, 0, 50f, 3.17f
47.62878, -121.9532, 29, 0, 0, 50f, 3.17f
47.62897, -121.95277, 19, 0, 0, 50f, 3.17f
47.62925, -121.95215, 26, 0, 0, 50f, 3.17f
47.62938, -121.95189, 4, 0, 0, 50f, 3.17f
47.62942, -121.95178, 29, 0, 0, 50f, 3.17f
47.62951, -121.95161, 22, 0, 0, 50f, 3.17f
47.62964, -121.95138, 20, 0, 0, 50f, 3.17f
47.62981, -121.95103, 5, 0, 0, 50f, 3.17f
47.6299, -121.95086, 6, 0, 0, 50f, 3.17f
47.62998, -121.95069, 28, 0, 0, 50f, 3.17f
47.63009, -121.95052, 17, 0, 0, 50f, 3.17f
47.63015, -121.95037, 9, 0, 0, 50f, 3.17f
47.63024, -121.95022, 20, 0, 0, 50f, 3.17f
47.63032, -121.95009, 29, 0, 0, 50f, 3.17f
47.63037, -121.95, 20, 0, 0, 50f, 3.17f
47.63041, -121.94994, 8, 0, 0, 50f, 3.17f
47.63048, -121.94985, 23, 0, 0, 50f, 3.17f
47.63052, -121.94974, 17, 0, 0, 50f, 3.17f
47.63056, -121.94968, 11, 0, 0, 50f, 3.17f
47.63065, -121.94951, 22, 0, 0, 50f, 3.17f
47.63071, -121.94938, 24, 0, 0, 50f, 3.17f
47.63078, -121.94927, 11, 0, 0, 50f, 3.17f
47.6308, -121.94921, 11, 0, 0, 50f, 3.17f
47.63092, -121.94897, 11, 0, 0, 50f, 3.17f
47.63097, -121.94889, 22, 0, 0, 50f, 3.17f
47.63101, -121.9488, 6, 0, 0, 50f, 3.17f
47.63108, -121.94871, 7, 0, 0, 50f, 3.17f
47.6311, -121.94863, 13, 0, 0, 50f, 3.17f
47.63114, -121.94856, 28, 0, 0, 50f, 3.17f
47.63116, -121.94848, 6, 0, 0, 50f, 3.17f
47.6312, -121.94841, 25, 0, 0, 50f, 3.17f
47.63123, -121.94833, 20, 0, 0, 50f, 3.17f
47.63125, -121.94826, 18, 0, 0, 50f, 3.17f
47.63127, -121.9482, 28, 0, 0, 50f, 3.17f
47.63129, -121.94814, 9, 0, 0, 50f, 3.17f
47.63131, -121.94807, 16, 0, 0, 50f, 3.17f
47.63133, -121.94798, 5, 0, 0, 50f, 3.17f
47.63135, -121.94792, 4, 0, 0, 50f, 3.17f
47.63135, -121.94786, 6, 0, 0, 50f, 3.17f
47.63138, -121.94777, 7, 0, 0, 50f, 3.17f
47.63138, -121.94771, 5, 0, 0, 50f, 3.17f
47.6314, -121.94764, 20, 0, 0, 50f, 3.17f
47.6314, -121.94756, 11, 0, 0, 50f, 3.17f
47.63142, -121.94747, 4, 0, 0, 50f, 3.17f
47.63142, -121.94734, 8, 0, 0, 50f, 3.17f
47.63142, -121.94721, 14, 0, 0, 50f, 3.17f
47.63142, -121.9471, 14, 0, 0, 50f, 3.17f
47.63142, -121.94685, 14, 0, 0, 50f, 3.17f
47.63142, -121.94668, 21, 0, 0, 50f, 3.17f
47.63142, -121.94622, 22, 0, 0, 50f, 3.17f
47.63142, -121.94605, 24, 0, 0, 50f, 3.17f
47.63142, -121.94592, 9, 0, 0, 50f, 3.17f
47.63144, -121.94565, 8, 0, 0, 50f, 3.17f
47.63144, -121.94537, 24, 0, 0, 50f, 3.17f
47.63144, -121.94511, 26, 0, 0, 50f, 3.17f
47.63144, -121.94492, 19, 0, 0, 50f, 3.17f
47.63146, -121.94483, 10, 0, 0, 50f, 3.17f
47.63146, -121.94477, 29, 0, 0, 50f, 3.17f
47.63146, -121.94468, 22, 0, 0, 50f, 3.17f
47.63148, -121.94457, 15, 0, 0, 50f, 3.17f
47.6315, -121.94453, 19, 0, 0, 50f, 3.17f
47.6315, -121.94444, 5, 0, 0, 50f, 3.17f
47.63153, -121.94438, 29, 0, 0, 50f, 3.17f
47.63153, -121.94434, 26, 0, 0, 50f, 3.17f
47.63155, -121.94427, 10, 0, 0, 50f, 3.17f
47.63157, -121.94416, 25, 0, 0, 50f, 3.17f
47.63161, -121.94408, 25, 0, 0, 50f, 3.17f
47.63163, -121.94397, 16, 0, 0, 50f, 3.17f
47.6317, -121.94384, 29, 0, 0, 50f, 3.17f
47.63174, -121.94376, 12, 0, 0, 50f, 3.17f
47.63176, -121.94367, 17, 0, 0, 50f, 3.17f
47.6318, -121.94359, 9, 0, 0, 50f, 3.17f
47.63187, -121.9435, 15, 0, 0, 50f, 3.17f
47.63191, -121.94341, 19, 0, 0, 50f, 3.17f
47.632, -121.94331, 28, 0, 0, 50f, 3.17f
47.63206, -121.94322, 25, 0, 0, 50f, 3.17f
47.63213, -121.94314, 19, 0, 0, 50f, 3.17f
47.63217, -121.94309, 26, 0, 0, 50f, 3.17f
47.63223, -121.94305, 16, 0, 0, 50f, 3.17f
47.63228, -121.94301, 14, 0, 0, 50f, 3.17f
47.63234, -121.94296, 13, 0, 0, 50f, 3.17f
47.63238, -121.94292, 22, 0, 0, 50f, 3.17f
47.63243, -121.94288, 11, 0, 0, 50f, 3.17f
47.63249, -121.94286, 14, 0, 0, 50f, 3.17f
47.63254, -121.94281, 15, 0, 0, 50f, 3.17f
47.63266, -121.94273, 16, 0, 0, 50f, 3.17f
47.63277, -121.94266, 16, 0, 0, 50f, 3.17f
47.63288, -121.9426, 5, 0, 0, 50f, 3.17f
47.63296, -121.94251, 18, 0, 0, 50f, 3.17f
47.63305, -121.94245, 23, 0, 0, 50f, 3.17f
47.63316, -121.94236, 13, 0, 0, 50f, 3.17f
47.63324, -121.94228, 23, 0, 0, 50f, 3.17f
47.63329, -121.94223, 27, 0, 0, 50f, 3.17f
47.63335, -121.94217, 22, 0, 0, 50f, 3.17f
47.63339, -121.94213, 7, 0, 0, 50f, 3.17f
47.63346, -121.94206, 11, 0, 0, 50f, 3.17f
47.6335, -121.942, 5, 0, 0, 50f, 3.17f
47.63354, -121.94193, 16, 0, 0, 50f, 3.17f
47.63361, -121.94187, 14, 0, 0, 50f, 3.17f
47.63365, -121.94178, 13, 0, 0, 50f, 3.17f
47.63372, -121.9417, 5, 0, 0, 50f, 3.17f
47.63376, -121.94166, 27, 0, 0, 50f, 3.17f
47.63382, -121.94155, 7, 0, 0, 50f, 3.17f
47.63389, -121.94146, 17, 0, 0, 50f, 3.17f
47.63395, -121.94135, 11, 0, 0, 50f, 3.17f
47.63399, -121.94129, 11, 0, 0, 50f, 3.17f
47.63402, -121.9412, 12, 0, 0, 50f, 3.17f
47.63406, -121.94114, 8, 0, 0, 50f, 3.17f
47.6341, -121.94108, 19, 0, 0, 50f, 3.17f
47.63412, -121.94099, 12, 0, 0, 50f, 3.17f
47.63419, -121.94088, 17, 0, 0, 50f, 3.17f
47.63427, -121.94067, 24, 0, 0, 50f, 3.17f
47.63432, -121.94052, 10, 0, 0, 50f, 3.17f
47.63436, -121.94039, 6, 0, 0, 50f, 3.17f
47.6344, -121.9403, 13, 0, 0, 50f, 3.17f
47.63444, -121.9402, 25, 0, 0, 50f, 3.17f
47.63449, -121.94007, 22, 0, 0, 50f, 3.17f
47.63451, -121.9399, 25, 0, 0, 50f, 3.17f
47.63455, -121.93977, 18, 0, 0, 50f, 3.17f
47.63459, -121.93953, 21, 0, 0, 50f, 3.17f
47.63464, -121.93936, 9, 0, 0, 50f, 3.17f
47.63466, -121.93917, 22, 0, 0, 50f, 3.17f
47.63468, -121.93902, 19, 0, 0, 50f, 3.17f
47.63472, -121.93884, 27, 0, 0, 50f, 3.17f
47.63477, -121.93861, 14, 0, 0, 50f, 3.17f
47.63479, -121.93844, 24, 0, 0, 50f, 3.17f
47.63481, -121.93833, 12, 0, 0, 50f, 3.17f
47.63483, -121.93822, 5, 0, 0, 50f, 3.17f
47.63485, -121.93816, 16, 0, 0, 50f, 3.17f
47.63487, -121.93805, 12, 0, 0, 50f, 3.17f
47.6349, -121.93798, 22, 0, 0, 50f, 3.17f
47.63494, -121.9379, 18, 0, 0, 50f, 3.17f
47.63496, -121.93784, 7, 0, 0, 50f, 3.17f
47.63498, -121.93779, 28, 0, 0, 50f, 3.17f
47.635, -121.93775, 13, 0, 0, 50f, 3.17f
47.63504, -121.93768, 24, 0, 0, 50f, 3.17f
47.63511, -121.93758, 8, 0, 0, 50f, 3.17f
47.63515, -121.93751, 18, 0, 0, 50f, 3.17f
47.6352, -121.93743, 12, 0, 0, 50f, 3.17f
47.63528, -121.93732, 6, 0, 0, 50f, 3.17f
47.63534, -121.93726, 27, 0, 0, 50f, 3.17f
47.63539, -121.93723, 18, 0, 0, 50f, 3.17f
47.63545, -121.93717, 15, 0, 0, 50f, 3.17f
47.6355, -121.93713, 5, 0, 0, 50f, 3.17f
47.6356, -121.93706, 4, 0, 0, 50f, 3.17f
47.63567, -121.93702, 18, 0, 0, 50f, 3.17f
47.63573, -121.93696, 26, 0, 0, 50f, 3.17f
47.63582, -121.93691, 29, 0, 0, 50f, 3.17f
47.63592, -121.93683, 15, 0, 0, 50f, 3.17f
47.63601, -121.93676, 7, 0, 0, 50f, 3.17f
47.6361, -121.9367, 14, 0, 0, 50f, 3.17f
47.63627, -121.93659, 18, 0, 0, 50f, 3.17f
47.63642, -121.93648, 7, 0, 0, 50f, 3.17f
47.63648, -121.93642, 4, 0, 0, 50f, 3.17f
47.63657, -121.93636, 18, 0, 0, 50f, 3.17f
47.63665, -121.93629, 22, 0, 0, 50f, 3.17f
47.63672, -121.93625, 9, 0, 0, 50f, 3.17f
47.63678, -121.9362, 10, 0, 0, 50f, 3.17f
47.63683, -121.93614, 27, 0, 0, 50f, 3.17f
47.63687, -121.9361, 7, 0, 0, 50f, 3.17f
47.63693, -121.93605, 7, 0, 0, 50f, 3.17f
47.63698, -121.93599, 6, 0, 0, 50f, 3.17f
47.63702, -121.93592, 11, 0, 0, 50f, 3.17f
47.63706, -121.93588, 23, 0, 0, 50f, 3.17f
47.6371, -121.93582, 28, 0, 0, 50f, 3.17f
47.63713, -121.93578, 26, 0, 0, 50f, 3.17f
47.63717, -121.93571, 15, 0, 0, 50f, 3.17f
47.63719, -121.93567, 25, 0, 0, 50f, 3.17f
47.63723, -121.93562, 21, 0, 0, 50f, 3.17f
47.63726, -121.93556, 21, 0, 0, 50f, 3.17f
47.63728, -121.93552, 21, 0, 0, 50f, 3.17f
47.63732, -121.93545, 5, 0, 0, 50f, 3.17f
47.63734, -121.93541, 26, 0, 0, 50f, 3.17f
47.63736, -121.93532, 26, 0, 0, 50f, 3.17f
47.6374, -121.93522, 27, 0, 0, 50f, 3.17f
47.63743, -121.93513, 5, 0, 0, 50f, 3.17f
47.63745, -121.93505, 9, 0, 0, 50f, 3.17f
47.63749, -121.93496, 11, 0, 0, 50f, 3.17f
47.63749, -121.9349, 24, 0, 0, 50f, 3.17f
47.63751, -121.93483, 9, 0, 0, 50f, 3.17f
47.63753, -121.93474, 6, 0, 0, 50f, 3.17f
47.63753, -121.93468, 15, 0, 0, 50f, 3.17f
47.63756, -121.93462, 6, 0, 0, 50f, 3.17f
47.63756, -121.93455, 8, 0, 0, 50f, 3.17f
47.63758, -121.93447, 4, 0, 0, 50f, 3.17f
47.63758, -121.9344, 14, 0, 0, 50f, 3.17f
47.63758, -121.93434, 11, 0, 0, 50f, 3.17f
47.6376, -121.93425, 6, 0, 0, 50f, 3.17f
47.6376, -121.93389, 27, 0, 0, 50f, 3.17f
47.63762, -121.9338, 24, 0, 0, 50f, 3.17f
47.63762, -121.9335, 17, 0, 0, 50f, 3.17f
47.63762, -121.93342, 7, 0, 0, 50f, 3.17f
47.63764, -121.93329, 9, 0, 0, 50f, 3.17f
47.63764, -121.93318, 24, 0, 0, 50f, 3.17f
47.63764, -121.93309, 20, 0, 0, 50f, 3.17f
47.63764, -121.93299, 25, 0, 0, 50f, 3.17f
47.63766, -121.9329, 21, 0, 0, 50f, 3.17f
47.63766, -121.93281, 19, 0, 0, 50f, 3.17f
47.63766, -121.93271, 8, 0, 0, 50f, 3.17f
47.63766, -121.93264, 18, 0, 0, 50f, 3.17f
47.63768, -121.93256, 26, 0, 0, 50f, 3.17f
47.63768, -121.93247, 18, 0, 0, 50f, 3.17f
47.63771, -121.93228, 17, 0, 0, 50f, 3.17f
47.63773, -121.93206, 5, 0, 0, 50f, 3.17f
47.63775, -121.93193, 22, 0, 0, 50f, 3.17f
47.63775, -121.93178, 19, 0, 0, 50f, 3.17f
47.63777, -121.93163, 28, 0, 0, 50f, 3.17f
47.63779, -121.9315, 4, 0, 0, 50f, 3.17f
47.63779, -121.93138, 8, 0, 0, 50f, 3.17f
47.63781, -121.93125, 21, 0, 0, 50f, 3.17f
47.63781, -121.93116, 8, 0, 0, 50f, 3.17f
47.63784, -121.9311, 24, 0, 0, 50f, 3.17f
47.63784, -121.93099, 4, 0, 0, 50f, 3.17f
47.63794, -121.92975, 29, 0, 0, 50f, 3.17f
47.63798, -121.92949, 11, 0, 0, 50f, 3.17f
47.63798, -121.92936, 27, 0, 0, 50f, 3.17f
47.63801, -121.92925, 7, 0, 0, 50f, 3.17f
47.63801, -121.9291, 23, 0, 0, 50f, 3.17f
47.63805, -121.92887, 6, 0, 0, 50f, 3.17f
47.63805, -121.92869, 10, 0, 0, 50f, 3.17f
47.63807, -121.92854, 10, 0, 0, 50f, 3.17f
47.63809, -121.92837, 12, 0, 0, 50f, 3.17f
47.63814, -121.92781, 12, 0, 0, 50f, 3.17f
47.63818, -121.92751, 27, 0, 0, 50f, 3.17f
47.63818, -121.92741, 11, 0, 0, 50f, 3.17f
47.63818, -121.92732, 24, 0, 0, 50f, 3.17f
47.6382, -121.92724, 15, 0, 0, 50f, 3.17f
47.6382, -121.92717, 11, 0, 0, 50f, 3.17f
47.6382, -121.92708, 16, 0, 0, 50f, 3.17f
47.6382, -121.927, 9, 0, 0, 50f, 3.17f
47.63822, -121.92691, 15, 0, 0, 50f, 3.17f
47.63822, -121.92683, 12, 0, 0, 50f, 3.17f
47.63822, -121.92674, 17, 0, 0, 50f, 3.17f
47.63822, -121.92663, 27, 0, 0, 50f, 3.17f
47.63822, -121.92657, 7, 0, 0, 50f, 3.17f
47.63822, -121.92644, 15, 0, 0, 50f, 3.17f
47.63822, -121.92631, 7, 0, 0, 50f, 3.17f
47.63822, -121.92614, 24, 0, 0, 50f, 3.17f
47.63822, -121.92595, 7, 0, 0, 50f, 3.17f
47.63822, -121.92586, 21, 0, 0, 50f, 3.17f
47.63822, -121.92578, 26, 0, 0, 50f, 3.17f
47.63822, -121.92571, 28, 0, 0, 50f, 3.17f
47.6382, -121.92563, 6, 0, 0, 50f, 3.17f
47.6382, -121.92554, 17, 0, 0, 50f, 3.17f
47.6382, -121.92543, 20, 0, 0, 50f, 3.17f
47.63818, -121.92532, 27, 0, 0, 50f, 3.17f
47.63818, -121.92522, 17, 0, 0, 50f, 3.17f
47.63816, -121.92513, 11, 0, 0, 50f, 3.17f
47.63816, -121.92502, 7, 0, 0, 50f, 3.17f
47.63816, -121.92494, 6, 0, 0, 50f, 3.17f
47.63814, -121.92483, 25, 0, 0, 50f, 3.17f
47.63811, -121.92475, 11, 0, 0, 50f, 3.17f
47.63811, -121.92466, 5, 0, 0, 50f, 3.17f
47.63809, -121.92453, 13, 0, 0, 50f, 3.17f
47.63809, -121.92442, 9, 0, 0, 50f, 3.17f
47.63807, -121.92432, 22, 0, 0, 50f, 3.17f
47.63805, -121.92419, 19, 0, 0, 50f, 3.17f
47.63803, -121.92391, 8, 0, 0, 50f, 3.17f
47.63801, -121.9237, 5, 0, 0, 50f, 3.17f
47.63798, -121.92361, 12, 0, 0, 50f, 3.17f
47.63796, -121.9232, 16, 0, 0, 50f, 3.17f
47.63792, -121.92296, 9, 0, 0, 50f, 3.17f
47.63792, -121.92284, 13, 0, 0, 50f, 3.17f
47.6379, -121.92271, 26, 0, 0, 50f, 3.17f
47.63786, -121.92234, 21, 0, 0, 50f, 3.17f
47.63773, -121.92131, 19, 0, 0, 50f, 3.17f
47.63768, -121.92095, 6, 0, 0, 50f, 3.17f
47.63768, -121.92088, 9, 0, 0, 50f, 3.17f
47.63766, -121.92082, 8, 0, 0, 50f, 3.17f
47.63766, -121.92076, 20, 0, 0, 50f, 3.17f
47.63764, -121.92069, 15, 0, 0, 50f, 3.17f
47.63764, -121.92063, 5, 0, 0, 50f, 3.17f
47.63762, -121.92054, 27, 0, 0, 50f, 3.17f
47.6376, -121.92048, 25, 0, 0, 50f, 3.17f
47.6376, -121.92041, 13, 0, 0, 50f, 3.17f
47.63758, -121.92035, 24, 0, 0, 50f, 3.17f
47.63756, -121.92028, 24, 0, 0, 50f, 3.17f
47.63753, -121.9202, 19, 0, 0, 50f, 3.17f
47.63751, -121.92013, 12, 0, 0, 50f, 3.17f
47.63749, -121.92007, 6, 0, 0, 50f, 3.17f
47.63743, -121.91981, 26, 0, 0, 50f, 3.17f
47.63732, -121.91947, 15, 0, 0, 50f, 3.17f
47.6373, -121.91938, 14, 0, 0, 50f, 3.17f
47.63728, -121.91934, 18, 0, 0, 50f, 3.17f
47.63726, -121.91925, 19, 0, 0, 50f, 3.17f
47.63723, -121.91917, 16, 0, 0, 50f, 3.17f
47.63721, -121.9191, 4, 0, 0, 50f, 3.17f
47.63719, -121.91904, 4, 0, 0, 50f, 3.17f
47.63719, -121.919, 15, 0, 0, 50f, 3.17f
47.63717, -121.91891, 12, 0, 0, 50f, 3.17f
47.63715, -121.91884, 29, 0, 0, 50f, 3.17f
47.63713, -121.91876, 19, 0, 0, 50f, 3.17f
47.63713, -121.91867, 22, 0, 0, 50f, 3.17f
47.63706, -121.91835, 14, 0, 0, 50f, 3.17f
47.63706, -121.91827, 27, 0, 0, 50f, 3.17f
47.63704, -121.9182, 16, 0, 0, 50f, 3.17f
47.63702, -121.91807, 28, 0, 0, 50f, 3.17f
47.63702, -121.91801, 4, 0, 0, 50f, 3.17f
47.637, -121.91792, 12, 0, 0, 50f, 3.17f
47.637, -121.91784, 23, 0, 0, 50f, 3.17f
47.63698, -121.91777, 24, 0, 0, 50f, 3.17f
47.63698, -121.91771, 14, 0, 0, 50f, 3.17f
47.63698, -121.91762, 23, 0, 0, 50f, 3.17f
47.63698, -121.91756, 24, 0, 0, 50f, 3.17f
47.63698, -121.91747, 17, 0, 0, 50f, 3.17f
47.637, -121.91732, 10, 0, 0, 50f, 3.17f
47.63702, -121.91676, 22, 0, 0, 50f, 3.17f
47.63702, -121.91664, 6, 0, 0, 50f, 3.17f
47.63706, -121.91629, 24, 0, 0, 50f, 3.17f
47.63762, -121.91631, 9, 0, 0, 50f, 3.17f
47.63777, -121.91631, 7, 0, 0, 50f, 3.17f
47.63792, -121.91634, 24, 0, 0, 50f, 3.17f
47.63889, -121.91636, 20, 0, 0, 50f, 3.17f
47.63908, -121.91636, 7, 0, 0, 50f, 3.17f
47.63942, -121.91636, 10, 0, 0, 50f, 3.17f
47.6397, -121.91636, 10, 0, 0, 50f, 3.17f
47.63985, -121.91634, 14, 0, 0, 50f, 3.17f
47.63987, -121.91634, 4, 0, 0, 50f, 3.17f
47.64007, -121.91629, 22, 0, 0, 50f, 3.17f
47.6403, -121.91623, 4, 0, 0, 50f, 3.17f
47.64067, -121.91608, 11, 0, 0, 50f, 3.17f
47.64101, -121.91595, 19, 0, 0, 50f, 3.17f
47.64118, -121.91588, 23, 0, 0, 50f, 3.17f
47.64163, -121.91571, 20, 0, 0, 50f, 3.17f
47.64262, -121.91535, 24, 0, 0, 50f, 3.17f
47.64281, -121.91526, 5, 0, 0, 50f, 3.17f
47.64288, -121.91526, 10, 0, 0, 50f, 3.17f
47.64292, -121.91526, 25, 0, 0, 50f, 3.17f
47.64301, -121.91524, 12, 0, 0, 50f, 3.17f
47.64309, -121.91522, 22, 0, 0, 50f, 3.17f
47.64318, -121.91524, 28, 0, 0, 50f, 3.17f
47.64326, -121.91524, 6, 0, 0, 50f, 3.17f
47.64331, -121.91526, 9, 0, 0, 50f, 3.17f
47.64337, -121.91526, 10, 0, 0, 50f, 3.17f
47.64346, -121.9153, 28, 0, 0, 50f, 3.17f
47.64378, -121.91539, 25, 0, 0, 50f, 3.17f
47.64416, -121.9155, 17, 0, 0, 50f, 3.17f
47.64427, -121.91554, 15, 0, 0, 50f, 3.17f
47.64438, -121.91556, 21, 0, 0, 50f, 3.17f
47.64455, -121.9156, 16, 0, 0, 50f, 3.17f
47.64459, -121.91563, 11, 0, 0, 50f, 3.17f
47.64526, -121.91563, 5, 0, 0, 50f, 3.17f
47.64541, -121.91565, 6, 0, 0, 50f, 3.17f
47.64556, -121.91563, 12, 0, 0, 50f, 3.17f
47.6456, -121.91563, 25, 0, 0, 50f, 3.17f
47.64569, -121.9156, 7, 0, 0, 50f, 3.17f
47.64577, -121.91556, 29, 0, 0, 50f, 3.17f
47.64584, -121.91554, 21, 0, 0, 50f, 3.17f
47.6468, -121.91496, 16, 0, 0, 50f, 3.17f
47.64786, -121.9143, 28, 0, 0, 50f, 3.17f
47.64863, -121.91378, 29, 0, 0, 50f, 3.17f
47.64936, -121.91329, 7, 0, 0, 50f, 3.17f
47.65015, -121.91275, 12, 0, 0, 50f, 3.17f
47.6509, -121.91224, 14, 0, 0, 50f, 3.17f
47.65097, -121.91217, 7, 0, 0, 50f, 3.17f
47.65107, -121.91209, 20, 0, 0, 50f, 3.17f
47.6512, -121.91202, 4, 0, 0, 50f, 3.17f
47.65133, -121.91198, 29, 0, 0, 50f, 3.17f
47.65137, -121.91198, 9, 0, 0, 50f, 3.17f
47.65144, -121.91196, 28, 0, 0, 50f, 3.17f
47.6515, -121.91194, 4, 0, 0, 50f, 3.17f
47.65155, -121.91189, 28, 0, 0, 50f, 3.17f
47.65159, -121.91187, 20, 0, 0, 50f, 3.17f
47.65172, -121.91185, 5, 0, 0, 50f, 3.17f
47.65198, -121.91183, 10, 0, 0, 50f, 3.17f
47.652, -121.91183, 15, 0, 0, 50f, 3.17f
47.65204, -121.91185, 23, 0, 0, 50f, 3.17f
47.6529, -121.9117, 18, 0, 0, 50f, 3.17f
47.65298, -121.9117, 7, 0, 0, 50f, 3.17f
47.65346, -121.91161, 10, 0, 0, 50f, 3.17f
47.65393, -121.91155, 8, 0, 0, 50f, 3.17f
47.65519, -121.91129, 24, 0, 0, 50f, 3.17f
47.65549, -121.91123, 20, 0, 0, 50f, 3.17f
47.65612, -121.91108, 26, 0, 0, 50f, 3.17f
47.65676, -121.91091, 12, 0, 0, 50f, 3.17f
47.65803, -121.91056, 24, 0, 0, 50f, 3.17f
47.65878, -121.91035, 26, 0, 0, 50f, 3.17f
47.6588, -121.91043, 21, 0, 0, 50f, 3.17f
47.6588, -121.91052, 20, 0, 0, 50f, 3.17f
47.6588, -121.91058, 6, 0, 0, 50f, 3.17f
47.6588, -121.91065, 4, 0, 0, 50f, 3.17f
47.65878, -121.91228, 10, 0, 0, 50f, 3.17f
47.6588, -121.91395, 10, 0, 0, 50f, 3.17f
47.6588, -121.91421, 21, 0, 0, 50f, 3.17f
