47.6433829, -122.2035348, 0.0, 20, 120, 0.0f, 21.358f
47.6433683, -122.2035151, 0.0, 20, 120, 0.0f, 14.276f
47.6433486, -122.2034891, 0.0, 20, 120, 0.0f, 22.358f
47.6433486, -122.2034891, 0.0, 20, 120, 0.0f, 22.358f
47.6434206, -122.2034891, 0.0, 20, 120, 0.0f, 30.0f
47.6434026, -122.2034891, 0.0, 20, 120, 0.0f, 21.213f
47.6635138, -122.3120177, 0.0, 20, 120, 0.0f, 45.84f
47.6648512, -122.3128866, 0.0, 20, 120, 0.0f, 24.0f
47.6648512, -122.3128866, 0.0, 20, 120, 0.0f, 24.0f
47.6648543, -122.3139451, 10.533929, 20, 120, 271.0f, 25.999f
47.6648544, -122.3139463, 10.522508, 20, 120, 271.0f, 18.404f
47.6649193, -122.3150591, 10.393003, 20, 120, 275.0f, 14.897f
47.6649198, -122.3150599, 10.383246, 20, 120, 275.0f, 10.578f
47.664912, -122.3156229, 10.571801, 20, 120, 270.0f, 8.918f
47.6649152, -122.3159804, 7.009218, 20, 120, 271.0f, 4.95f
47.6649154, -122.3159791, 6.9537144, 20, 120, 271.0f, 3.524f
47.6648883, -122.3161596, 4.05146, 20, 120, 259.0f, 8.588f
47.6648868, -122.3161531, 3.9174821, 20, 120, 258.0f, 6.22f
47.6649532, -122.316035, 2.6831853, 20, 120, 46.0f, 8.526f
47.6649819, -122.3159861, 1.417577, 20, 120, 44.0f, 6.714f
47.6649814, -122.3160208, 0.6681276, 20, 120, 282.0f, 8.178f
47.6649792, -122.3160273, 0.80759287, 20, 120, 274.0f, 6.07f
47.6649792, -122.3160273, 0.80759287, 20, 120, 274.0f, 6.07f
47.6649874, -122.3160211, 0.20050749, 20, 120, 0.0f, 5.863f
47.6649875, -122.3160199, 0.20598254, 20, 120, 0.0f, 4.198f
47.6649946, -122.3160143, 0.52460426, 20, 120, 12.0f, 5.742f
47.6649957, -122.3160141, 0.5615906, 20, 120, 11.0f, 4.155f
47.6649604, -122.3160301, 0.91780275, 20, 120, 198.0f, 8.528f
47.6649573, -122.3160314, 1.0007619, 20, 120, 197.0f, 6.203f
47.6649537, -122.3160334, 0.16175172, 20, 120, 0.0f, 5.913f
47.6649543, -122.3160382, 0.12311519, 20, 120, 0.0f, 4.902f
47.6649544, -122.3160383, 0.12425891, 20, 120, 0.0f, 3.51f
47.6649544, -122.3160388, 0.020040127, 20, 120, 0.0f, 5.724f
47.6649544, -122.3160386, 0.014947289, 20, 120, 0.0f, 4.15f
47.664942, -122.3168309, 13.871066, 20, 120, 269.0f, 6.758f
47.66495, -122.3171546, 7.942265, 20, 120, 273.0f, 3.95f
47.6649503, -122.3171521, 7.826658, 20, 120, 273.0f, 2.819f
47.6649828, -122.3175783, 10.799321, 20, 120, 277.0f, 5.711f
47.6649897, -122.3181925, 10.985881, 20, 120, 272.0f, 8.518f
47.6649875, -122.3181936, 10.980808, 20, 120, 271.0f, 6.193f
47.6649719, -122.3185285, 8.499807, 20, 120, 267.0f, 7.679f
47.6649721, -122.3192158, 12.774336, 20, 120, 270.0f, 9.405f
47.6649733, -122.3192322, 13.039056, 20, 120, 271.0f, 6.858f
47.6649733, -122.3192322, 13.039056, 20, 120, 271.0f, 6.858f
47.6650135, -122.320105, 8.695961, 20, 120, 275.0f, 8.498f
47.6650045, -122.3201876, 2.3698359, 20, 120, 267.0f, 6.792f
47.6650034, -122.3201765, 2.1584249, 20, 120, 266.0f, 4.885f
47.6650034, -122.3201765, 2.1584249, 20, 120, 266.0f, 4.885f
47.6649992, -122.3202734, 2.3911915, 20, 120, 267.0f, 8.509f
47.6649992, -122.3202741, 2.4005597, 20, 120, 267.0f, 6.194f
47.6649912, -122.3202514, 0.21505262, 20, 120, 0.0f, 9.596f
47.6649917, -122.3202359, 0.19707553, 20, 120, 0.0f, 7.771f
47.6649883, -122.3203033, 1.1878482, 20, 120, 266.0f, 11.792f
47.6649879, -122.3203109, 1.3234009, 20, 120, 266.0f, 8.744f
47.6649883, -122.3203855, 1.3847449, 20, 120, 270.0f, 6.868f
47.6649884, -122.3203857, 1.3834751, 20, 120, 270.0f, 4.911f
47.6649899, -122.3218203, 20.340353, 20, 120, 267.0f, 7.67f
47.664984, -122.3218563, 20.931665, 20, 120, 266.0f, 5.546f
47.664947, -122.3223203, 9.396485, 20, 120, 264.0f, 8.706f
47.6649475, -122.3222998, 8.974186, 20, 120, 264.0f, 6.27f
47.6649606, -122.3225122, 5.811017, 20, 120, 274.0f, 8.5f
47.6649554, -122.3223808, 1.4520442, 20, 120, 95.0f, 4.925f
47.6649551, -122.3223743, 1.5689993, 20, 120, 95.0f, 3.512f
47.6649546, -122.3223608, 0.36213812, 20, 120, 93.0f, 2.814f
47.6649564, -122.3223595, 0.07620166, 20, 120, 0.0f, 8.22f
47.6649566, -122.3223607, 0.0702691, 20, 120, 0.0f, 6.079f
47.6649527, -122.3223451, 0.12469106, 20, 120, 0.0f, 8.514f
47.6649525, -122.3223456, 0.12374349, 20, 120, 0.0f, 6.193f
47.6649516, -122.322345, 0.03656577, 20, 120, 0.0f, 5.875f
47.6649533, -122.3223457, 0.05662792, 20, 120, 0.0f, 6.746f
47.6649534, -122.3223457, 0.059931014, 20, 120, 0.0f, 4.865f
47.6649555, -122.3223667, 0.36756474, 20, 120, 280.0f, 10.171f
47.6649555, -122.3223683, 0.39501506, 20, 120, 279.0f, 7.483f
47.6647394, -122.3227489, 8.505781, 20, 120, 231.0f, 10.508f
47.664728, -122.3227678, 8.879714, 20, 120, 230.0f, 7.646f
47.664728, -122.3227678, 8.879714, 20, 120, 230.0f, 7.646f
47.6648109, -122.3228094, 0.0, 20, 120, 0.0f, 15.062f
47.6636864, -122.32284, 16.499878, 20, 120, 178.0f, 12.334f
47.6636741, -122.3228278, 16.783052, 20, 120, 177.0f, 8.95f
47.6630832, -122.322797, 16.179403, 20, 120, 177.0f, 9.661f
47.6624848, -122.3227229, 16.748226, 20, 120, 175.0f, 6.869f
47.6624836, -122.322722, 16.740337, 20, 120, 175.0f, 4.909f
47.6618071, -122.3225912, 18.976948, 20, 120, 172.0f, 6.852f
47.6613859, -122.3225415, 16.145702, 20, 120, 175.0f, 7.618f
47.6613889, -122.3225437, 15.980062, 20, 120, 175.0f, 5.526f
47.6613889, -122.3225437, 15.980062, 20, 120, 175.0f, 5.526f
47.6601741, -122.3225408, 25.927605, 20, 120, 179.0f, 11.31f
47.6595244, -122.3225606, 23.252708, 20, 120, 181.0f, 8.685f
47.65852, -122.3225619, 27.793486, 20, 120, 181.0f, 14.021f
47.6584876, -122.3225596, 28.300459, 20, 120, 181.0f, 10.62f
47.6584876, -122.3225596, 28.300459, 20, 120, 181.0f, 10.62f
47.6570888, -122.3226728, 30.987486, 20, 120, 183.0f, 15.102f
47.6570797, -122.3226794, 31.124233, 20, 120, 183.0f, 10.991f
47.656198, -122.3226141, 25.446129, 20, 120, 177.0f, 11.579f
47.656205, -122.3226087, 25.218801, 20, 120, 177.0f, 8.341f
47.6547399, -122.3226165, 21.056465, 20, 120, 182.0f, 8.569f
47.6537951, -122.3226867, 26.404192, 20, 120, 183.0f, 13.291f
47.6537678, -122.3226923, 27.063875, 20, 120, 183.0f, 9.958f
47.6528833, -122.322703, 25.019085, 20, 120, 181.0f, 12.261f
47.6520193, -122.3227019, 24.114899, 20, 120, 181.0f, 10.545f
47.6514892, -122.3227086, 20.417645, 20, 120, 181.0f, 8.556f
47.6506575, -122.3227342, 22.849129, 20, 120, 182.0f, 12.598f
47.6497488, -122.3227594, 24.855211, 20, 120, 182.0f, 6.877f
47.6491106, -122.3227741, 22.9228, 20, 120, 181.0f, 6.771f
47.6480904, -122.322754, 28.988203, 20, 120, 179.0f, 6.771f
47.6474183, -122.3227526, 24.291206, 20, 120, 179.0f, 6.745f
47.6463745, -122.3229389, 29.83574, 20, 120, 187.0f, 10.159f
47.6454181, -122.3230749, 26.434393, 20, 120, 186.0f, 11.34f
47.6454247, -122.323071, 26.166672, 20, 120, 186.0f, 8.257f
47.6444621, -122.3231034, 26.667856, 20, 120, 182.0f, 10.53f
47.6444598, -122.3230995, 26.662962, 20, 120, 182.0f, 7.615f
47.6444598, -122.3230995, 26.662962, 20, 120, 182.0f, 7.615f
47.6434655, -122.323083, 27.51027, 20, 120, 179.0f, 9.634f
47.64277, -122.3230558, 25.18984, 20, 120, 178.0f, 8.567f
47.6427724, -122.323055, 25.037996, 20, 120, 178.0f, 6.214f
47.6417629, -122.3231371, 28.882511, 20, 120, 183.0f, 14.552f
47.6417385, -122.3231546, 29.463032, 20, 120, 184.0f, 11.071f
47.6407468, -122.323289, 28.08667, 20, 120, 185.0f, 9.665f
47.6397678, -122.3233048, 27.319925, 20, 120, 181.0f, 9.624f
47.6397669, -122.3233004, 27.25059, 20, 120, 181.0f, 6.946f
47.6391522, -122.3233004, 23.34561, 20, 120, 181.0f, 7.672f
47.6391554, -122.3232999, 23.121319, 20, 120, 181.0f, 5.551f
47.6391554, -122.3232999, 23.121319, 20, 120, 181.0f, 5.551f
47.6385518, -122.3233988, 23.48089, 20, 120, 186.0f, 6.088f
47.6374661, -122.3234168, 28.6724, 20, 120, 182.0f, 8.571f
47.6374538, -122.3234117, 28.904753, 20, 120, 181.0f, 6.215f
47.6368408, -122.3234169, 23.299585, 20, 120, 181.0f, 7.67f
47.636838, -122.3234165, 22.634264, 20, 120, 181.0f, 5.625f
47.636838, -122.3234165, 22.634264, 20, 120, 181.0f, 5.625f
47.6358463, -122.3234138, 27.290106, 20, 120, 179.0f, 12.493f
47.6358243, -122.3234126, 27.803295, 20, 120, 179.0f, 9.331f
47.6348327, -122.3236515, 27.824379, 20, 120, 189.0f, 5.921f
47.6342031, -122.3238002, 22.981352, 20, 120, 189.0f, 5.853f
47.6333776, -122.3242672, 25.953035, 20, 120, 201.0f, 5.84f
47.6326965, -122.3245798, 26.977682, 20, 120, 198.0f, 7.565f
47.6326933, -122.3245775, 27.000969, 20, 120, 197.0f, 5.504f
47.6326933, -122.3245775, 27.000969, 20, 120, 197.0f, 5.504f
47.6317656, -122.325183, 27.247631, 20, 120, 204.0f, 5.865f
47.6317639, -122.3251885, 27.185516, 20, 120, 204.0f, 4.204f
47.6311038, -122.3256869, 27.942865, 20, 120, 207.0f, 6.75f
47.6301998, -122.3265891, 29.540834, 20, 120, 214.0f, 6.776f
47.6297076, -122.3271056, 22.729319, 20, 120, 215.0f, 5.844f
47.6297116, -122.3271023, 22.529503, 20, 120, 215.0f, 4.19f
47.6290089, -122.3280334, 26.387398, 20, 120, 222.0f, 12.992f
47.629001, -122.3280713, 26.94335, 20, 120, 223.0f, 9.834f
47.6281657, -122.3285389, 24.63398, 20, 120, 204.0f, 4.909f
47.6276659, -122.3288577, 20.586615, 20, 120, 204.0f, 6.76f
47.6276682, -122.3288559, 20.391401, 20, 120, 204.0f, 4.875f
47.6266122, -122.3287437, 28.585531, 20, 120, 177.0f, 5.856f
47.625919, -122.3287146, 25.891182, 20, 120, 178.0f, 7.614f
47.625921, -122.3287169, 25.677828, 20, 120, 179.0f, 5.53f
47.6241989, -122.3286667, 28.266417, 20, 120, 179.0f, 11.722f
47.6241846, -122.3286682, 28.503235, 20, 120, 179.0f, 8.729f
47.6232141, -122.3285597, 27.162836, 20, 120, 176.0f, 10.539f
47.6217225, -122.3286384, 28.046673, 20, 120, 182.0f, 9.818f
47.6207409, -122.3286564, 27.07591, 20, 120, 181.0f, 10.734f
47.6207375, -122.3286556, 26.934011, 20, 120, 181.0f, 7.715f
47.6197549, -122.3286819, 27.734945, 20, 120, 181.0f, 13.027f
47.6187847, -122.3287961, 26.661673, 20, 120, 185.0f, 9.663f
47.6187853, -122.3287992, 26.598936, 20, 120, 185.0f, 6.956f
47.6177828, -122.3288431, 27.733168, 20, 120, 182.0f, 13.844f
47.6177777, -122.3288384, 27.797129, 20, 120, 182.0f, 10.186f
47.6177777, -122.3288384, 27.797129, 20, 120, 182.0f, 10.186f
47.6159638, -122.3294241, 27.6263, 20, 120, 191.0f, 9.649f
47.6149597, -122.3296473, 27.95883, 20, 120, 189.0f, 13.789f
47.6140993, -122.3299972, 25.568113, 20, 120, 195.0f, 12.274f
47.6141051, -122.3300053, 25.412664, 20, 120, 195.0f, 8.934f
47.613291, -122.3303623, 23.981789, 20, 120, 197.0f, 15.4f
47.6132956, -122.3303642, 23.807455, 20, 120, 197.0f, 11.431f
47.6100735, -122.3314876, 26.088015, 20, 120, 194.0f, 30.987f
47.6100609, -122.3314837, 26.160536, 20, 120, 194.0f, 22.273f
47.6100609, -122.3314837, 26.160536, 20, 120, 194.0f, 22.273f
47.6100609, -122.3314837, 26.160536, 20, 120, 194.0f, 22.273f
47.6100609, -122.3314837, 26.160536, 20, 120, 194.0f, 22.273f
47.6075144, -122.3307671, 26.294895, 20, 120, 169.0f, 35.137f
47.6063322, -122.3296683, 22.24403, 20, 120, 149.0f, 39.787f
47.606345, -122.3296481, 22.15663, 20, 120, 149.0f, 28.57f
47.6052544, -122.3286539, 23.471403, 20, 120, 148.0f, 27.013f
47.6052512, -122.3286501, 23.502857, 20, 120, 148.0f, 19.455f
47.6052512, -122.3286501, 23.502857, 20, 120, 148.0f, 19.455f
47.6043212, -122.3278609, 22.795666, 20, 120, 150.0f, 17.873f
47.6032926, -122.3269969, 26.567802, 20, 120, 150.0f, 15.735f
47.6023104, -122.3260595, 25.768057, 20, 120, 147.0f, 10.444f
47.6023104, -122.3260595, 25.768057, 20, 120, 147.0f, 10.444f
47.6014579, -122.3248937, 26.730915, 20, 120, 138.0f, 16.208f
47.6006506, -122.3238316, 29.153776, 20, 120, 138.0f, 16.71f
47.6006429, -122.3238251, 29.307186, 20, 120, 138.0f, 12.259f
47.5999009, -122.3228757, 27.67297, 20, 120, 139.0f, 15.692f
47.5999041, -122.3228808, 27.522491, 20, 120, 139.0f, 11.54f
47.5991488, -122.3220966, 26.178202, 20, 120, 144.0f, 10.59f
47.5991467, -122.3221013, 26.08713, 20, 120, 144.0f, 7.642f
47.5983848, -122.3215747, 23.249176, 20, 120, 154.0f, 7.814f
47.5975091, -122.3211462, 26.16277, 20, 120, 161.0f, 6.855f
47.5965683, -122.3207785, 26.552402, 20, 120, 164.0f, 8.691f
47.5965648, -122.3207806, 26.502504, 20, 120, 165.0f, 6.267f
47.5957694, -122.3207516, 22.683065, 20, 120, 177.0f, 4.948f
47.5957696, -122.320755, 22.620188, 20, 120, 177.0f, 3.521f
47.5952634, -122.3206876, 18.986923, 20, 120, 174.0f, 6.735f
47.5947669, -122.320374, 15.39126, 20, 120, 158.0f, 7.659f
47.5943582, -122.3197312, 16.355888, 20, 120, 135.0f, 8.696f
47.594361, -122.3197193, 16.418753, 20, 120, 134.0f, 6.261f
47.5941471, -122.3193464, 12.698995, 20, 120, 130.0f, 7.657f
47.5941509, -122.3193497, 12.51578, 20, 120, 130.0f, 5.54f
47.5941509, -122.3193497, 12.51578, 20, 120, 130.0f, 5.54f
47.5943505, -122.3181396, 17.916546, 20, 120, 78.0f, 12.96f
47.5943944, -122.3180942, 18.729591, 20, 120, 76.0f, 9.517f
47.5947973, -122.3169258, 24.081665, 20, 120, 63.0f, 9.745f
47.594804, -122.3169193, 24.210125, 20, 120, 63.0f, 6.986f
47.5949877, -122.3158288, 21.03838, 20, 120, 74.0f, 14.628f
47.5949692, -122.3158345, 20.779203, 20, 120, 76.0f, 10.808f
47.5947736, -122.3146651, 22.114353, 20, 120, 100.0f, 9.682f
47.5947613, -122.3146604, 22.19712, 20, 120, 100.0f, 6.963f
47.5942779, -122.3135416, 24.687227, 20, 120, 121.0f, 5.915f
47.5942727, -122.3135409, 24.719053, 20, 120, 121.0f, 4.217f
47.5930403, -122.3121086, 28.942308, 20, 120, 149.0f, 7.676f
47.5930159, -122.312112, 29.386246, 20, 120, 149.0f, 5.547f
47.5921693, -122.3115, 26.645521, 20, 120, 153.0f, 7.783f
47.5921698, -122.3115037, 26.536545, 20, 120, 153.0f, 5.585f
47.5913415, -122.3108658, 25.634192, 20, 120, 152.0f, 6.858f
47.5908278, -122.3104443, 22.722046, 20, 120, 151.0f, 7.623f
47.5902239, -122.3091514, 28.554771, 20, 120, 126.0f, 5.859f
47.5902252, -122.3091319, 28.71634, 20, 120, 126.0f, 4.2f
47.5898772, -122.3084472, 22.387463, 20, 120, 126.0f, 7.609f
47.5898816, -122.308457, 22.037899, 20, 120, 126.0f, 5.521f
47.5896791, -122.3068182, 29.511301, 20, 120, 102.0f, 15.664f
47.5897334, -122.3066866, 31.37269, 20, 120, 98.0f, 12.1f
47.5900346, -122.3035371, 28.782297, 20, 120, 83.0f, 11.421f
47.5900339, -122.3035405, 28.68243, 20, 120, 83.0f, 8.279f
47.5900759, -122.3020247, 28.812967, 20, 120, 87.0f, 12.232f
47.5900721, -122.3020141, 28.663414, 20, 120, 87.0f, 8.962f
47.5901088, -122.3004949, 28.93791, 20, 120, 87.0f, 14.629f
47.5901084, -122.3004803, 28.763092, 20, 120, 87.0f, 10.882f
47.5901084, -122.3004803, 28.763092, 20, 120, 87.0f, 10.882f
47.5901084, -122.3004803, 28.763092, 20, 120, 87.0f, 10.882f
47.5901084, -122.3004803, 28.763092, 20, 120, 87.0f, 10.882f
47.5901084, -122.3004803, 28.763092, 20, 120, 87.0f, 10.882f
47.5898453, -122.2692688, 0.0, 20, 120, 0.0f, 1307.0f
47.5899278, -122.2858063, 27.26038, 20, 120, 95.0f, 12.999f
47.5899204, -122.2843195, 28.103699, 20, 120, 90.0f, 8.772f
47.5899225, -122.2843165, 28.103521, 20, 120, 90.0f, 6.287f
47.5898568, -122.2828375, 27.960379, 20, 120, 93.0f, 8.709f
47.5898551, -122.2828363, 27.930443, 20, 120, 93.0f, 6.264f
47.5898293, -122.2813793, 27.731194, 20, 120, 91.0f, 7.788f
47.5897869, -122.2798714, 28.120123, 20, 120, 92.0f, 6.856f
47.5897865, -122.2798684, 28.084545, 20, 120, 92.0f, 4.905f
47.5897829, -122.2783228, 28.592617, 20, 120, 90.0f, 8.705f
47.5897717, -122.2768271, 28.319136, 20, 120, 90.0f, 7.793f
47.5897713, -122.2768004, 27.537104, 20, 120, 90.0f, 5.708f
47.5897594, -122.2758799, 24.446564, 20, 120, 91.0f, 8.467f
47.5897178, -122.2749186, 32.54031, 20, 120, 93.0f, 4.713f
47.5897155, -122.2748958, 32.65125, 20, 120, 93.0f, 3.464f
47.5897067, -122.2741267, 29.410269, 20, 120, 91.0f, 3.755f
47.5896794, -122.2733187, 31.15426, 20, 120, 92.0f, 3.688f
47.5896503, -122.2724978, 30.684147, 20, 120, 92.0f, 2.86f
47.5896502, -122.2724967, 30.600046, 20, 120, 92.0f, 2.074f
47.5896294, -122.2716761, 31.050165, 20, 120, 92.0f, 2.847f
47.5896088, -122.2708652, 30.329233, 20, 120, 92.0f, 3.659f
47.5896087, -122.2708629, 30.14199, 20, 120, 92.0f, 2.712f
47.5895792, -122.2692678, 29.745962, 20, 120, 91.0f, 2.864f
47.5895678, -122.2684515, 30.23709, 20, 120, 91.0f, 3.675f
47.589568, -122.2684476, 30.23074, 20, 120, 91.0f, 2.713f
47.5895552, -122.2676413, 30.53761, 20, 120, 91.0f, 3.694f
47.5895343, -122.2668182, 31.143927, 20, 120, 92.0f, 2.861f
47.5895338, -122.2668138, 31.06871, 20, 120, 92.0f, 2.078f
47.5895008, -122.2652174, 29.680761, 20, 120, 91.0f, 3.664f
47.5894863, -122.2644196, 29.816223, 20, 120, 91.0f, 3.701f
47.5894861, -122.2644174, 29.797104, 20, 120, 91.0f, 2.721f
47.5894691, -122.2636053, 30.362516, 20, 120, 91.0f, 3.699f
47.5894472, -122.2628065, 30.18387, 20, 120, 92.0f, 2.864f
47.589447, -122.2628059, 30.152485, 20, 120, 92.0f, 2.073f
47.5894065, -122.2611855, 30.083996, 20, 120, 92.0f, 2.846f
47.5893928, -122.2603686, 30.66172, 20, 120, 91.0f, 2.846f
47.5893931, -122.2603638, 30.583166, 20, 120, 91.0f, 2.073f
47.5893744, -122.2595565, 30.687853, 20, 120, 91.0f, 2.844f
47.5893538, -122.2587309, 31.24602, 20, 120, 92.0f, 3.647f
47.5893536, -122.2587261, 31.222584, 20, 120, 92.0f, 2.704f
47.5893142, -122.2570751, 32.183693, 20, 120, 91.0f, 2.848f
47.5892997, -122.2562788, 30.637514, 20, 120, 91.0f, 2.833f
47.5892999, -122.2562781, 30.426094, 20, 120, 91.0f, 2.068f
47.5892822, -122.2554996, 29.009813, 20, 120, 91.0f, 3.657f
47.5892513, -122.2547728, 27.818321, 20, 120, 93.0f, 2.864f
47.5892506, -122.2547712, 27.670198, 20, 120, 93.0f, 2.079f
47.5892816, -122.253365, 26.176292, 20, 120, 86.0f, 2.849f
47.5893409, -122.2526854, 26.1742, 20, 120, 83.0f, 3.645f
47.5893433, -122.2526838, 26.144577, 20, 120, 82.0f, 2.699f
47.5894501, -122.2519899, 26.719875, 20, 120, 78.0f, 3.686f
47.5896415, -122.2513187, 27.243525, 20, 120, 68.0f, 2.863f
47.5896461, -122.251317, 27.195246, 20, 120, 68.0f, 2.078f
47.5901108, -122.2500527, 29.968433, 20, 120, 59.0f, 3.589f
47.5903899, -122.2493809, 29.081722, 20, 120, 58.0f, 4.348f
47.5903894, -122.2493861, 28.824194, 20, 120, 58.0f, 3.287f
47.5903894, -122.2493861, 28.824194, 20, 120, 58.0f, 3.287f
47.5903894, -122.2493861, 28.824194, 20, 120, 58.0f, 3.287f
47.5895814, -122.2683379, 0.0, 20, 120, 0.0f, 1019.0f
47.5895814, -122.2683379, 0.0, 20, 120, 0.0f, 1019.0f
47.5903894, -122.2493861, 28.824194, 20, 120, 58.0f, 3.287f
47.5905497, -122.2390648, 0.0, 20, 120, 0.0f, 46.0f
47.5905497, -122.2390648, 0.0, 20, 120, 0.0f, 45.999f
47.5897382, -122.2378065, 32.204807, 20, 120, 133.0f, 14.999f
47.5897375, -122.2378054, 32.17654, 20, 120, 133.0f, 10.615f
47.5891047, -122.2364797, 31.182049, 20, 120, 126.0f, 14.348f
47.5886195, -122.2350566, 30.347996, 20, 120, 118.0f, 11.441f
47.5881106, -122.2336486, 29.62536, 20, 120, 118.0f, 10.536f
47.5881101, -122.2336488, 29.566723, 20, 120, 118.0f, 7.617f
47.5876499, -122.232306, 28.695452, 20, 120, 117.0f, 7.807f
47.5876503, -122.2323051, 28.64317, 20, 120, 117.0f, 5.593f
47.5869651, -122.2305626, 27.955196, 20, 120, 121.0f, 5.754f
47.5864751, -122.2295348, 30.183752, 20, 120, 124.0f, 5.74f
47.5864702, -122.2295289, 30.23307, 20, 120, 124.0f, 4.159f
47.5864702, -122.2295289, 30.23307, 20, 120, 124.0f, 4.159f
47.585514, -122.2273476, 23.986141, 20, 120, 123.0f, 7.623f
47.5855152, -122.2273528, 23.3799, 20, 120, 124.0f, 5.573f
47.5848984, -122.2260017, 29.574318, 20, 120, 124.0f, 7.68f
47.5848919, -122.2259875, 29.806646, 20, 120, 124.0f, 5.546f
47.583918, -122.2238581, 29.976439, 20, 120, 124.0f, 10.229f
47.5839069, -122.2238338, 30.384394, 20, 120, 124.0f, 7.504f
47.5832758, -122.2225604, 29.64502, 20, 120, 126.0f, 8.729f
47.5832729, -122.2225579, 29.514774, 20, 120, 126.0f, 6.288f
47.582941, -122.2217501, 25.116282, 20, 120, 121.0f, 7.641f
47.5829456, -122.221753, 24.859146, 20, 120, 121.0f, 5.538f
47.5822184, -122.2202546, 29.721958, 20, 120, 125.0f, 6.949f
47.5818366, -122.2194387, 29.905704, 20, 120, 124.0f, 7.621f
47.581836, -122.2194363, 29.864153, 20, 120, 124.0f, 5.528f
47.581836, -122.2194363, 29.864153, 20, 120, 124.0f, 5.528f
47.581836, -122.2194363, 29.864153, 20, 120, 124.0f, 5.528f
47.581836, -122.2194363, 29.864153, 20, 120, 124.0f, 5.528f
47.5790576, -122.2143713, 0.0, 20, 120, 0.0f, 21.0f
47.5786778, -122.2130638, 26.397362, 20, 120, 113.0f, 12.999f
47.5784252, -122.2115744, 28.655006, 20, 120, 105.0f, 9.696f
47.5782062, -122.2100632, 29.329647, 20, 120, 102.0f, 12.976f
47.5782083, -122.2100556, 29.344112, 20, 120, 102.0f, 9.535f
47.5779813, -122.2085856, 28.47133, 20, 120, 102.0f, 10.538f
47.577981, -122.2085861, 28.40243, 20, 120, 102.0f, 7.618f
47.5775828, -122.2055552, 30.362213, 20, 120, 100.0f, 12.226f
47.5775837, -122.2055407, 30.5285, 20, 120, 99.0f, 8.918f
47.5777158, -122.2040047, 29.195251, 20, 120, 84.0f, 9.648f
47.5777274, -122.2040051, 29.157854, 20, 120, 84.0f, 6.95f
47.5779589, -122.2025083, 28.810232, 20, 120, 77.0f, 9.621f
47.5779641, -122.2025081, 28.767801, 20, 120, 77.0f, 6.942f
47.5783245, -122.2011443, 27.507673, 20, 120, 69.0f, 7.801f
47.5783282, -122.2011461, 27.453304, 20, 120, 69.0f, 5.591f
47.5789282, -122.1990017, 22.89995, 20, 120, 68.0f, 6.719f
47.5789256, -122.1990072, 22.665981, 20, 120, 68.0f, 4.855f
47.5793004, -122.1974595, 28.80222, 20, 120, 70.0f, 4.919f
47.5793021, -122.1974514, 28.875204, 20, 120, 70.0f, 3.511f
47.5796832, -122.1957634, 31.182709, 20, 120, 74.0f, 3.811f
47.5797158, -122.1950139, 28.278128, 20, 120, 84.0f, 3.698f
47.5797072, -122.1950084, 27.735651, 20, 120, 85.0f, 2.749f
47.579669, -122.1943107, 26.992697, 20, 120, 93.0f, 2.858f
47.5796036, -122.1936435, 25.478422, 20, 120, 97.0f, 2.844f
47.5796017, -122.1936443, 25.353525, 20, 120, 97.0f, 2.068f
47.5793475, -122.1922823, 26.699955, 20, 120, 106.0f, 2.85f
47.5792155, -122.1915927, 27.570616, 20, 120, 105.0f, 2.842f
47.5792149, -122.1915885, 27.52535, 20, 120, 105.0f, 2.071f
47.5790972, -122.190884, 26.329863, 20, 120, 104.0f, 3.669f
47.57901, -122.1902015, 25.643003, 20, 120, 101.0f, 4.477f
47.5790106, -122.189514, 27.195873, 20, 120, 92.0f, 3.701f
47.5790372, -122.1888211, 26.22431, 20, 120, 88.0f, 2.853f
47.5790694, -122.1881388, 25.098763, 20, 120, 86.0f, 2.853f
47.5790701, -122.1881387, 25.00378, 20, 120, 86.0f, 2.072f
47.5791125, -122.1874697, 25.962204, 20, 120, 84.0f, 2.844f
47.5791479, -122.1867392, 26.798674, 20, 120, 85.0f, 2.846f
47.5791476, -122.1867333, 26.700092, 20, 120, 85.0f, 2.077f
47.5792059, -122.1852821, 29.053722, 20, 120, 87.0f, 2.836f
47.5792276, -122.1845357, 26.898672, 20, 120, 87.0f, 3.66f
47.5792276, -122.1845398, 26.643833, 20, 120, 87.0f, 2.706f
47.5792832, -122.1838076, 28.296858, 20, 120, 84.0f, 2.863f
47.5793502, -122.183074, 27.040977, 20, 120, 82.0f, 2.851f
47.5793512, -122.1830702, 26.757965, 20, 120, 82.0f, 2.083f
47.5794903, -122.1816786, 26.134504, 20, 120, 81.0f, 2.843f
47.5795465, -122.1809924, 25.234735, 20, 120, 82.0f, 2.855f
47.579546, -122.180992, 25.152927, 20, 120, 82.0f, 2.072f
47.5795943, -122.1803429, 26.489689, 20, 120, 83.0f, 2.832f
47.5796525, -122.1796719, 25.139761, 20, 120, 82.0f, 2.836f
47.5797075, -122.1790229, 24.534782, 20, 120, 82.0f, 2.851f
47.5797556, -122.1783834, 25.107033, 20, 120, 83.0f, 3.628f
47.5797737, -122.1777741, 22.953974, 20, 120, 86.0f, 3.679f
47.5797711, -122.1777774, 22.699781, 20, 120, 87.0f, 2.716f
47.5797441, -122.1772019, 21.82359, 20, 120, 92.0f, 2.865f
47.5797125, -122.1766759, 19.971746, 20, 120, 94.0f, 2.85f
47.5797078, -122.1761505, 19.62986, 20, 120, 91.0f, 2.85f
47.5797646, -122.1756614, 18.97549, 20, 120, 81.0f, 2.845f
47.5798986, -122.1752043, 18.92966, 20, 120, 68.0f, 2.839f
47.5799035, -122.1752038, 18.881054, 20, 120, 67.0f, 2.071f
47.5800627, -122.1747884, 17.908064, 20, 120, 61.0f, 4.371f
47.5803087, -122.1744687, 17.92553, 20, 120, 45.0f, 3.73f
47.5806132, -122.1742544, 17.830107, 20, 120, 28.0f, 3.715f
47.5810066, -122.1741668, 21.99262, 20, 120, 11.0f, 3.689f
47.5814157, -122.1741798, 20.356098, 20, 120, 1.0f, 2.881f
47.5814188, -122.1741848, 20.018236, 20, 120, 0.0f, 2.102f
47.5817839, -122.1743218, 23.028273, 20, 120, 348.0f, 2.841f
47.5821418, -122.1746084, 21.371063, 20, 120, 334.0f, 2.841f
47.5824748, -122.1749528, 23.223732, 20, 120, 327.0f, 2.847f
47.5828287, -122.175299, 24.067087, 20, 120, 327.0f, 2.833f
47.5828303, -122.1753002, 24.070179, 20, 120, 327.0f, 2.064f
47.5831976, -122.1756753, 23.808971, 20, 120, 326.0f, 2.853f
47.5835658, -122.1760514, 26.1694, 20, 120, 326.0f, 2.84f
47.5839763, -122.1764672, 25.919147, 20, 120, 326.0f, 2.852f
47.5843769, -122.1768617, 27.918562, 20, 120, 327.0f, 2.846f
47.5848106, -122.1772708, 29.4592, 20, 120, 328.0f, 3.616f
47.5852585, -122.1776768, 28.555891, 20, 120, 329.0f, 2.863f
47.5852653, -122.1776823, 27.987371, 20, 120, 329.0f, 2.105f
47.5861398, -122.1784806, 28.542446, 20, 120, 329.0f, 2.86f
47.5865999, -122.178833, 29.161535, 20, 120, 333.0f, 2.847f
47.5870723, -122.1791173, 28.032026, 20, 120, 338.0f, 2.849f
47.5875689, -122.179362, 28.54618, 20, 120, 341.0f, 3.674f
47.5875729, -122.1793593, 28.52168, 20, 120, 342.0f, 2.715f
47.5885939, -122.1796919, 29.033249, 20, 120, 349.0f, 2.846f
47.5891058, -122.1798134, 29.146746, 20, 120, 351.0f, 2.849f
47.5891075, -122.1798128, 29.104702, 20, 120, 351.0f, 2.07f
47.5896405, -122.1799475, 30.18866, 20, 120, 351.0f, 2.843f
47.5901591, -122.1800754, 29.861439, 20, 120, 351.0f, 2.84f
47.5906902, -122.1802116, 29.24716, 20, 120, 351.0f, 2.85f
47.5912006, -122.1803316, 29.136517, 20, 120, 351.0f, 3.662f
47.5917331, -122.1804195, 29.838009, 20, 120, 354.0f, 3.688f
47.592264, -122.180458, 29.98201, 20, 120, 357.0f, 2.86f
47.5922668, -122.1804558, 29.870855, 20, 120, 357.0f, 2.078f
47.5922668, -122.1804558, 29.870855, 20, 120, 357.0f, 2.078f
47.5928052, -122.1804641, 29.31911, 20, 120, 0.0f, 2.853f
47.5928098, -122.1804621, 29.021055, 20, 120, 0.0f, 2.086f
47.5938584, -122.1803548, 29.658138, 20, 120, 4.0f, 2.861f
47.5943868, -122.1802652, 31.949873, 20, 120, 6.0f, 2.82f
47.5943915, -122.1802631, 31.978994, 20, 120, 6.0f, 2.062f
47.5949446, -122.1801576, 30.776337, 20, 120, 7.0f, 2.834f
47.595467, -122.180051, 30.684933, 20, 120, 7.0f, 2.838f
47.5954714, -122.1800497, 30.449535, 20, 120, 7.0f, 2.078f
47.5965085, -122.1798406, 29.831652, 20, 120, 7.0f, 2.84f
47.5970369, -122.179751, 28.472164, 20, 120, 6.0f, 3.668f
47.5970421, -122.1797516, 27.969847, 20, 120, 6.0f, 2.741f
47.5980607, -122.1796573, 31.246027, 20, 120, 4.0f, 3.651f
47.598068, -122.1796556, 31.54462, 20, 120, 4.0f, 2.701f
47.5990633, -122.1800463, 28.267323, 20, 120, 346.0f, 3.702f
47.5995263, -122.1802952, 27.501137, 20, 120, 342.0f, 2.867f
47.5995262, -122.180298, 27.425962, 20, 120, 341.0f, 2.076f
47.5999812, -122.1806023, 28.849024, 20, 120, 337.0f, 2.839f
47.6004116, -122.1809568, 26.619745, 20, 120, 332.0f, 2.848f
47.6004094, -122.1809589, 26.450909, 20, 120, 332.0f, 2.07f
47.6012292, -122.181766, 24.788792, 20, 120, 326.0f, 2.877f
47.6016382, -122.1821937, 30.608002, 20, 120, 325.0f, 2.838f
47.6016441, -122.1822, 30.884724, 20, 120, 325.0f, 2.066f
47.602499, -122.1830781, 31.535742, 20, 120, 326.0f, 2.83f
47.6029354, -122.1835167, 29.783482, 20, 120, 326.0f, 2.825f
47.6033802, -122.1839482, 29.255985, 20, 120, 327.0f, 2.847f
47.6038115, -122.1843571, 28.869793, 20, 120, 328.0f, 2.847f
47.6042674, -122.1847716, 27.601086, 20, 120, 329.0f, 2.864f
47.6047034, -122.1851559, 30.166128, 20, 120, 330.0f, 2.843f
47.6051727, -122.1855643, 30.671286, 20, 120, 330.0f, 2.828f
47.6056199, -122.1859483, 26.371758, 20, 120, 330.0f, 2.867f
47.6060446, -122.186315, 31.030365, 20, 120, 330.0f, 2.832f
47.60605, -122.1863198, 31.249739, 20, 120, 330.0f, 2.064f
47.6064543, -122.1866558, 24.54657, 20, 120, 331.0f, 2.847f
47.6064494, -122.1866507, 24.089062, 20, 120, 331.0f, 2.072f
47.6068323, -122.1869367, 25.440887, 20, 120, 334.0f, 2.846f
47.6072438, -122.1872152, 23.022762, 20, 120, 336.0f, 3.686f
47.6076626, -122.187465, 25.56169, 20, 120, 338.0f, 3.711f
47.6081117, -122.1876964, 26.666222, 20, 120, 341.0f, 2.853f
47.6081146, -122.1876961, 26.680008, 20, 120, 341.0f, 2.072f
47.6085854, -122.1879062, 28.901457, 20, 120, 343.0f, 2.823f
47.6085908, -122.1879065, 28.916897, 20, 120, 344.0f, 2.066f
47.6095122, -122.1882069, 26.603996, 20, 120, 349.0f, 3.643f
47.6099545, -122.1883082, 23.588017, 20, 120, 351.0f, 2.878f
47.6099535, -122.1883065, 23.388773, 20, 120, 351.0f, 2.083f
47.61038, -122.1884097, 23.944965, 20, 120, 351.0f, 3.694f
47.6108027, -122.1884458, 24.965672, 20, 120, 356.0f, 2.85f
47.6108057, -122.1884429, 24.947533, 20, 120, 357.0f, 2.073f
47.6108057, -122.1884429, 24.947533, 20, 120, 357.0f, 2.073f
47.6119206, -122.1884306, 24.589123, 20, 120, 1.0f, 2.916f
47.6119214, -122.1884298, 24.51318, 20, 120, 1.0f, 2.096f
47.612819, -122.1883887, 26.17753, 20, 120, 1.0f, 2.839f
47.6132668, -122.1883779, 24.744152, 20, 120, 1.0f, 2.836f
47.6132668, -122.1883783, 24.574272, 20, 120, 0.0f, 2.068f
47.6136883, -122.1883854, 23.531456, 20, 120, 0.0f, 3.662f
47.6141149, -122.1883939, 23.68257, 20, 120, 0.0f, 2.865f
47.6145351, -122.1883993, 24.347038, 20, 120, 0.0f, 3.637f
47.6149712, -122.1884178, 23.629408, 20, 120, 359.0f, 3.692f
47.6153588, -122.1884343, 22.163637, 20, 120, 359.0f, 3.696f
47.6153582, -122.1884342, 21.981426, 20, 120, 359.0f, 2.724f
47.6157335, -122.1884488, 21.0145, 20, 120, 359.0f, 2.865f
47.6161034, -122.1884545, 20.619244, 20, 120, 0.0f, 2.851f
47.616496, -122.188451, 21.69468, 20, 120, 0.0f, 2.848f
47.6168954, -122.1884538, 23.009607, 20, 120, 0.0f, 2.836f
47.6168982, -122.1884541, 23.016441, 20, 120, 0.0f, 2.067f
47.6173175, -122.1884542, 22.858229, 20, 120, 0.0f, 3.654f
47.6177305, -122.1884428, 22.793348, 20, 120, 0.0f, 3.702f
47.618178, -122.1884359, 24.198864, 20, 120, 0.0f, 2.869f
47.618615, -122.1884376, 25.041119, 20, 120, 0.0f, 2.84f
47.6190892, -122.1884452, 26.152445, 20, 120, 0.0f, 2.837f
47.6190915, -122.1884456, 26.164173, 20, 120, 0.0f, 2.066f
47.6195437, -122.1884499, 25.402697, 20, 120, 0.0f, 3.656f
47.6200068, -122.1884306, 25.601423, 20, 120, 1.0f, 2.865f
47.620457, -122.188427, 25.276134, 20, 120, 0.0f, 2.848f
47.6209158, -122.1884334, 25.531385, 20, 120, 0.0f, 2.846f
47.6209174, -122.1884339, 25.492193, 20, 120, 0.0f, 2.069f
47.6213693, -122.1884363, 25.082846, 20, 120, 0.0f, 2.849f
47.6218205, -122.1884281, 24.699125, 20, 120, 0.0f, 3.671f
47.6218213, -122.1884272, 24.614845, 20, 120, 0.0f, 2.711f
47.6226874, -122.1883735, 24.778841, 20, 120, 2.0f, 2.86f
47.62311, -122.1883411, 23.494837, 20, 120, 2.0f, 2.85f
47.6231096, -122.1883409, 23.388592, 20, 120, 2.0f, 2.07f
47.6235255, -122.1882997, 23.520432, 20, 120, 3.0f, 2.845f
47.623918, -122.1882348, 21.879015, 20, 120, 6.0f, 2.848f
47.6239171, -122.1882335, 21.755888, 20, 120, 6.0f, 2.069f
47.6242864, -122.1881586, 21.1648, 20, 120, 7.0f, 2.845f
47.6246324, -122.1880956, 18.904121, 20, 120, 6.0f, 2.855f
47.6249794, -122.1880429, 20.159943, 20, 120, 5.0f, 2.845f
47.6253424, -122.1880108, 20.073374, 20, 120, 3.0f, 2.841f
47.6257147, -122.1879833, 20.631582, 20, 120, 3.0f, 2.848f
47.6257163, -122.1879835, 20.6179, 20, 120, 3.0f, 2.07f
47.6260912, -122.187969, 21.357773, 20, 120, 1.0f, 2.841f
47.6264883, -122.1879693, 21.914314, 20, 120, 0.0f, 2.843f
47.6268837, -122.1879737, 21.717665, 20, 120, 0.0f, 2.851f
47.6273046, -122.1879944, 22.102514, 20, 120, 359.0f, 2.863f
47.6277365, -122.1880238, 23.510187, 20, 120, 358.0f, 2.862f
47.6277466, -122.1880248, 23.038689, 20, 120, 358.0f, 2.116f
47.6281744, -122.1880461, 24.00756, 20, 120, 359.0f, 2.848f
47.6285984, -122.1880144, 25.872637, 20, 120, 2.0f, 2.816f
47.6290301, -122.1878875, 22.755152, 20, 120, 9.0f, 2.85f
47.6293674, -122.1877406, 22.217482, 20, 120, 15.0f, 2.831f
47.6297107, -122.187657, 19.024004, 20, 120, 9.0f, 2.834f
47.6297086, -122.1876614, 18.823494, 20, 120, 9.0f, 2.064f
47.6303527, -122.1878293, 18.344765, 20, 120, 349.0f, 2.843f
47.6306624, -122.1878249, 17.37313, 20, 120, 0.0f, 2.847f
47.6306626, -122.1878191, 17.310326, 20, 120, 0.0f, 2.069f
47.6309767, -122.1876735, 18.263056, 20, 120, 15.0f, 2.845f
47.6312532, -122.1873864, 18.55411, 20, 120, 32.0f, 2.844f
47.6312525, -122.1873776, 18.540998, 20, 120, 33.0f, 2.072f
47.6315772, -122.1864249, 20.472754, 20, 120, 69.0f, 2.846f
47.6316198, -122.1858451, 21.257141, 20, 120, 81.0f, 2.851f
47.6316159, -122.185841, 21.27139, 20, 120, 82.0f, 2.071f
47.6316391, -122.1852625, 20.928162, 20, 120, 86.0f, 2.86f
47.6316649, -122.1846483, 21.99739, 20, 120, 86.0f, 2.865f
47.6316651, -122.1846454, 22.008177, 20, 120, 86.0f, 2.076f
47.6317262, -122.1833572, 25.788763, 20, 120, 85.0f, 2.82f
47.6317612, -122.1827044, 24.565042, 20, 120, 85.0f, 2.841f
47.6317614, -122.1827048, 24.449018, 20, 120, 85.0f, 2.067f
47.6317884, -122.1820304, 24.187408, 20, 120, 86.0f, 2.86f
47.6317776, -122.1813645, 25.667877, 20, 120, 90.0f, 2.848f
47.6317758, -122.1813603, 25.695318, 20, 120, 91.0f, 2.07f
47.6315893, -122.1800316, 23.430979, 20, 120, 104.0f, 2.867f
47.6314466, -122.1793952, 26.559183, 20, 120, 107.0f, 2.846f
47.6314417, -122.1793785, 26.218714, 20, 120, 107.0f, 2.107f
47.6312969, -122.1787533, 24.123646, 20, 120, 108.0f, 2.847f
47.6311476, -122.1781268, 27.766582, 20, 120, 109.0f, 2.822f
47.631143, -122.1781084, 27.486382, 20, 120, 109.0f, 2.097f
47.630744, -122.1769023, 26.326239, 20, 120, 117.0f, 2.854f
47.6305235, -122.1763286, 24.288404, 20, 120, 119.0f, 2.848f
47.6305234, -122.1763308, 24.136202, 20, 120, 119.0f, 2.069f
47.6303234, -122.1757673, 24.538418, 20, 120, 117.0f, 2.845f
47.6301638, -122.1751799, 23.365808, 20, 120, 112.0f, 2.846f
47.6301659, -122.1751785, 23.270267, 20, 120, 112.0f, 2.069f
47.6299369, -122.1739414, 24.846718, 20, 120, 104.0f, 2.84f
47.6298223, -122.173287, 24.94514, 20, 120, 104.0f, 2.842f
47.6298217, -122.173284, 24.854183, 20, 120, 104.0f, 2.071f
47.6297127, -122.1726524, 24.792625, 20, 120, 104.0f, 2.846f
47.6296286, -122.1719695, 25.89898, 20, 120, 100.0f, 2.845f
47.6296298, -122.1719656, 25.913872, 20, 120, 100.0f, 2.069f
47.6295842, -122.1705446, 27.793903, 20, 120, 91.0f, 2.845f
47.6296275, -122.1698195, 27.192598, 20, 120, 85.0f, 2.842f
47.6296304, -122.1698188, 27.10169, 20, 120, 85.0f, 2.068f
47.6296974, -122.1690792, 28.184128, 20, 120, 82.0f, 3.653f
47.6297708, -122.1683375, 25.6289, 20, 120, 81.0f, 2.884f
47.6298432, -122.1675988, 29.821072, 20, 120, 81.0f, 2.85f
47.6299079, -122.16683, 30.211515, 20, 120, 82.0f, 2.819f
47.6299742, -122.1660317, 29.046738, 20, 120, 82.0f, 2.846f
47.6299741, -122.1660319, 28.935331, 20, 120, 82.0f, 2.068f
47.6300284, -122.1652633, 29.606382, 20, 120, 83.0f, 2.849f
47.6300638, -122.1644737, 29.895357, 20, 120, 85.0f, 3.645f
47.6300468, -122.1637169, 28.785719, 20, 120, 90.0f, 2.86f
47.6299872, -122.1629538, 28.92519, 20, 120, 95.0f, 2.843f
47.6299094, -122.1622022, 28.634014, 20, 120, 98.0f, 2.843f
47.6299081, -122.1622011, 28.56278, 20, 120, 98.0f, 2.068f
47.6298294, -122.1614203, 29.64469, 20, 120, 98.0f, 2.845f
47.6297464, -122.1606469, 29.35662, 20, 120, 98.0f, 2.846f
47.6297458, -122.1606434, 29.203325, 20, 120, 99.0f, 2.075f
47.6296622, -122.1598553, 29.830013, 20, 120, 98.0f, 2.848f
47.6295828, -122.1590902, 29.154835, 20, 120, 98.0f, 2.847f
47.6295054, -122.1583036, 29.81085, 20, 120, 98.0f, 2.846f
47.6295053, -122.1583007, 29.798347, 20, 120, 98.0f, 2.069f
47.6294404, -122.1575459, 28.699537, 20, 120, 97.0f, 2.847f
47.6293935, -122.1567754, 28.860401, 20, 120, 95.0f, 2.849f
47.6293855, -122.1560113, 28.963194, 20, 120, 91.0f, 2.845f
47.6294108, -122.1552247, 29.559422, 20, 120, 87.0f, 2.843f
47.6294646, -122.1544635, 28.515375, 20, 120, 84.0f, 2.848f
47.6294663, -122.1544624, 28.370794, 20, 120, 84.0f, 2.072f
47.629548, -122.1536982, 29.025843, 20, 120, 81.0f, 2.849f
47.6296602, -122.1529712, 28.722275, 20, 120, 77.0f, 2.84f
47.6298016, -122.1522371, 28.257305, 20, 120, 74.0f, 3.654f
47.6298043, -122.1522371, 28.177837, 20, 120, 74.0f, 2.704f
47.6299885, -122.151559, 27.770695, 20, 120, 68.0f, 2.863f
47.6301913, -122.1508758, 27.629187, 20, 120, 66.0f, 2.851f
47.6301929, -122.1508738, 27.532011, 20, 120, 66.0f, 2.074f
47.6304118, -122.1502284, 27.343645, 20, 120, 63.0f, 2.848f
47.6306671, -122.1495934, 27.743948, 20, 120, 59.0f, 2.845f
47.6309391, -122.1489903, 27.375984, 20, 120, 56.0f, 3.653f
47.6312469, -122.1483973, 26.82988, 20, 120, 53.0f, 2.873f
47.6315636, -122.1478406, 27.51292, 20, 120, 50.0f, 2.855f
47.6315658, -122.1478397, 27.506073, 20, 120, 50.0f, 2.072f
47.6322306, -122.1466941, 28.799654, 20, 120, 49.0f, 2.835f
47.6325637, -122.1461019, 28.304071, 20, 120, 50.0f, 2.849f
47.632564, -122.1461007, 28.228699, 20, 120, 50.0f, 2.07f
47.6328945, -122.145533, 28.05205, 20, 120, 49.0f, 2.853f
47.633234, -122.1449505, 29.637348, 20, 120, 49.0f, 2.839f
47.6332365, -122.1449462, 29.646883, 20, 120, 49.0f, 2.069f
47.6339009, -122.1437753, 28.582047, 20, 120, 49.0f, 2.85f
47.6342277, -122.1432066, 28.235779, 20, 120, 49.0f, 3.663f
47.6342283, -122.1432061, 28.162094, 20, 120, 49.0f, 2.707f
47.6345561, -122.1426141, 28.441315, 20, 120, 50.0f, 2.866f
47.6348851, -122.1420441, 28.333738, 20, 120, 49.0f, 2.849f
47.6348863, -122.1420431, 28.265976, 20, 120, 49.0f, 2.071f
47.6355602, -122.1408784, 28.122244, 20, 120, 49.0f, 2.848f
47.6358917, -122.1402897, 29.40957, 20, 120, 50.0f, 2.844f
47.6358939, -122.1402852, 29.38179, 20, 120, 50.0f, 2.072f
47.6362236, -122.1397097, 28.388163, 20, 120, 49.0f, 2.844f
47.6365629, -122.1391202, 28.627192, 20, 120, 49.0f, 2.851f
47.6365642, -122.1391182, 28.586948, 20, 120, 49.0f, 2.071f
47.6372383, -122.1379769, 28.667244, 20, 120, 47.0f, 2.846f
47.6375976, -122.1374379, 28.320387, 20, 120, 45.0f, 2.85f
47.637599, -122.1374382, 28.25803, 20, 120, 45.0f, 2.07f
47.6379925, -122.1369197, 29.708601, 20, 120, 41.0f, 2.843f
47.6384029, -122.1364509, 28.681023, 20, 120, 38.0f, 2.845f
47.6384042, -122.1364532, 28.576447, 20, 120, 37.0f, 2.068f
47.6392497, -122.1356146, 28.33977, 20, 120, 33.0f, 3.658f
47.6397007, -122.135254, 28.193779, 20, 120, 29.0f, 3.692f
47.6397076, -122.1352543, 27.911777, 20, 120, 28.0f, 2.742f
47.6401966, -122.1349861, 29.48753, 20, 120, 21.0f, 2.861f
47.6407025, -122.134721, 30.007765, 20, 120, 19.0f, 2.841f
47.6407069, -122.1347198, 29.84503, 20, 120, 19.0f, 2.077f
47.6416772, -122.1343369, 26.078772, 20, 120, 13.0f, 2.866f
47.6421216, -122.1342245, 26.691568, 20, 120, 10.0f, 2.846f
47.6421237, -122.1342262, 26.678507, 20, 120, 10.0f, 2.069f
47.6425988, -122.1341439, 27.345646, 20, 120, 7.0f, 3.62f
47.6430667, -122.1341107, 26.408804, 20, 120, 3.0f, 2.857f
47.643074, -122.1341123, 25.871479, 20, 120, 3.0f, 2.104f
47.644028, -122.1341628, 27.532793, 20, 120, 358.0f, 2.841f
47.6445235, -122.1342472, 27.941576, 20, 120, 354.0f, 3.635f
47.6445251, -122.1342515, 27.935246, 20, 120, 354.0f, 2.695f
47.644996, -122.134376, 26.55191, 20, 120, 351.0f, 2.865f
47.645467, -122.1345457, 27.001945, 20, 120, 347.0f, 2.851f
47.6454686, -122.1345487, 26.968828, 20, 120, 347.0f, 2.072f
47.6463849, -122.1349531, 26.278873, 20, 120, 343.0f, 3.705f
47.6468143, -122.1351629, 25.922993, 20, 120, 343.0f, 2.862f
47.6468156, -122.135164, 25.818611, 20, 120, 343.0f, 2.078f
47.6472531, -122.1353764, 25.995586, 20, 120, 342.0f, 2.842f
47.6476758, -122.1355721, 24.836464, 20, 120, 343.0f, 2.843f
47.6481059, -122.135767, 24.955471, 20, 120, 343.0f, 2.847f
47.6485261, -122.1359557, 24.99043, 20, 120, 344.0f, 2.842f
47.6489634, -122.1361601, 24.834383, 20, 120, 343.0f, 2.849f
47.6489643, -122.136161, 24.776592, 20, 120, 343.0f, 2.071f
47.649389, -122.1363569, 25.020842, 20, 120, 343.0f, 2.849f
47.6498376, -122.1365707, 26.15206, 20, 120, 343.0f, 2.845f
47.6502812, -122.1367829, 26.040306, 20, 120, 343.0f, 2.845f
47.6507365, -122.1369977, 26.810143, 20, 120, 343.0f, 2.84f
47.6511955, -122.1371935, 26.475384, 20, 120, 344.0f, 2.842f
47.6511963, -122.1371927, 26.412842, 20, 120, 344.0f, 2.067f
47.6516704, -122.1373579, 26.943186, 20, 120, 347.0f, 2.848f
47.6521473, -122.1374899, 27.125368, 20, 120, 350.0f, 2.846f
47.6526416, -122.1375883, 27.491777, 20, 120, 352.0f, 2.848f
47.6531266, -122.1376617, 26.94403, 20, 120, 354.0f, 2.85f
47.6536255, -122.1377031, 27.630487, 20, 120, 357.0f, 2.849f
47.6536275, -122.1377015, 27.625854, 20, 120, 357.0f, 2.07f
47.6541115, -122.1377088, 27.61054, 20, 120, 0.0f, 2.842f
47.6546079, -122.137691, 27.601135, 20, 120, 1.0f, 3.649f
47.6550884, -122.1376267, 26.679457, 20, 120, 4.0f, 2.866f
47.6555798, -122.1375329, 25.455044, 20, 120, 6.0f, 2.871f
47.6560508, -122.1374103, 27.21582, 20, 120, 9.0f, 2.857f
47.6560535, -122.137408, 27.256145, 20, 120, 9.0f, 2.073f
47.656542, -122.1372522, 27.916899, 20, 120, 11.0f, 2.841f
47.6570064, -122.1370649, 28.816149, 20, 120, 14.0f, 2.825f
47.6574745, -122.1368433, 27.605871, 20, 120, 17.0f, 2.83f
47.6579157, -122.1366181, 26.14837, 20, 120, 18.0f, 3.652f
47.6583616, -122.1363805, 25.794605, 20, 120, 19.0f, 2.87f
47.6583623, -122.1363797, 25.743109, 20, 120, 19.0f, 2.077f
47.6592454, -122.1359088, 26.60884, 20, 120, 19.0f, 2.842f
47.6596784, -122.1356726, 24.796204, 20, 120, 20.0f, 2.857f
47.6596779, -122.1356727, 24.645178, 20, 120, 20.0f, 2.074f
47.6601106, -122.1354424, 26.468283, 20, 120, 19.0f, 2.845f
47.6605371, -122.1352065, 25.531685, 20, 120, 20.0f, 3.639f
47.6605367, -122.1352059, 25.365416, 20, 120, 20.0f, 2.7f
47.6614036, -122.1347435, 25.170534, 20, 120, 19.0f, 2.852f
47.6618438, -122.1345186, 26.26918, 20, 120, 19.0f, 2.844f
47.6618469, -122.1345177, 26.245007, 20, 120, 19.0f, 2.071f
47.6622826, -122.1342859, 25.936108, 20, 120, 19.0f, 2.843f
47.66273, -122.1340416, 26.741688, 20, 120, 20.0f, 2.843f
47.6627317, -122.1340404, 26.749695, 20, 120, 20.0f, 2.067f
47.6636132, -122.1335368, 26.757772, 20, 120, 22.0f, 2.849f
47.6640345, -122.1332234, 26.2972, 20, 120, 26.0f, 2.844f
47.6640343, -122.1332204, 26.22431, 20, 120, 26.0f, 2.068f
47.6644527, -122.132859, 26.617666, 20, 120, 29.0f, 2.849f
47.6648389, -122.1324521, 26.431416, 20, 120, 34.0f, 2.848f
47.6648384, -122.1324486, 26.380505, 20, 120, 34.0f, 2.069f
47.6655386, -122.1314954, 25.049576, 20, 120, 43.0f, 2.858f
47.6658509, -122.1309739, 27.720573, 20, 120, 47.0f, 2.839f
47.6658525, -122.1309676, 27.828611, 20, 120, 47.0f, 2.066f
47.6661315, -122.1304169, 25.821623, 20, 120, 52.0f, 2.838f
47.6663738, -122.1298333, 26.120844, 20, 120, 57.0f, 2.843f
47.6663742, -122.1298261, 25.980345, 20, 120, 57.0f, 2.079f
47.6667749, -122.1285982, 26.667933, 20, 120, 65.0f, 2.84f
47.6669222, -122.1279422, 25.399916, 20, 120, 70.0f, 2.847f
47.6669198, -122.1279411, 25.279453, 20, 120, 71.0f, 2.07f
47.667018, -122.1272585, 25.961506, 20, 120, 77.0f, 2.852f
47.6670836, -122.126579, 26.243128, 20, 120, 81.0f, 2.842f
47.6670822, -122.1265764, 26.209002, 20, 120, 81.0f, 2.068f
47.6671593, -122.1251668, 25.952604, 20, 120, 87.0f, 2.869f
47.6671575, -122.1244511, 26.88142, 20, 120, 89.0f, 2.853f
47.6671565, -122.1244479, 26.88032, 20, 120, 89.0f, 2.072f
47.667155, -122.1237524, 25.98287, 20, 120, 90.0f, 2.849f
47.6671541, -122.1230454, 26.420835, 20, 120, 90.0f, 2.849f
47.6671541, -122.1230425, 26.38482, 20, 120, 90.0f, 2.071f
47.6671436, -122.1216913, 25.297394, 20, 120, 90.0f, 2.843f
47.6671383, -122.1210466, 24.078619, 20, 120, 90.0f, 2.85f
47.6671383, -122.1210468, 23.98038, 20, 120, 90.0f, 2.07f
47.6671329, -122.1203895, 24.340479, 20, 120, 90.0f, 2.852f
47.6671257, -122.1197478, 23.903446, 20, 120, 90.0f, 2.851f
47.6671256, -122.1197468, 23.828232, 20, 120, 90.0f, 2.071f
47.6671142, -122.1184418, 23.225313, 20, 120, 90.0f, 2.86f
47.6671152, -122.1177912, 25.882816, 20, 120, 89.0f, 2.84f
47.6671155, -122.1177846, 25.961481, 20, 120, 89.0f, 2.069f
47.6671151, -122.1171208, 25.1241, 20, 120, 90.0f, 3.631f
47.6671073, -122.1164399, 25.51168, 20, 120, 90.0f, 2.862f
47.6671069, -122.1164376, 25.488598, 20, 120, 90.0f, 2.075f
47.6670682, -122.115078, 26.346752, 20, 120, 92.0f, 2.844f
47.667042, -122.1143966, 25.625328, 20, 120, 93.0f, 2.842f
47.6670417, -122.1143959, 25.519514, 20, 120, 93.0f, 2.068f
47.6670037, -122.1137362, 25.02008, 20, 120, 94.0f, 2.846f
47.6669737, -122.1131234, 23.114855, 20, 120, 94.0f, 2.848f
47.6669759, -122.1125398, 22.167765, 20, 120, 90.0f, 2.847f
47.6670119, -122.1119826, 21.221329, 20, 120, 85.0f, 2.842f
47.6670923, -122.1114297, 21.21992, 20, 120, 78.0f, 2.842f
47.667095, -122.1114287, 21.190632, 20, 120, 78.0f, 2.067f
47.6672124, -122.1109136, 20.53908, 20, 120, 72.0f, 2.846f
47.6673697, -122.110413, 20.79907, 20, 120, 66.0f, 2.845f
47.6675347, -122.1099228, 20.441566, 20, 120, 63.0f, 2.847f
47.6677186, -122.1094258, 21.52522, 20, 120, 61.0f, 3.643f
47.6679173, -122.1089282, 21.224482, 20, 120, 59.0f, 2.863f
47.667918, -122.1089281, 21.170782, 20, 120, 59.0f, 2.075f
47.6681239, -122.1084317, 21.744297, 20, 120, 58.0f, 3.67f
47.6683315, -122.1079778, 21.256418, 20, 120, 56.0f, 2.857f
47.6685598, -122.1075834, 19.474945, 20, 120, 50.0f, 2.845f
47.6687802, -122.1072884, 16.826744, 20, 120, 43.0f, 2.849f
47.6689904, -122.1070555, 14.833808, 20, 120, 37.0f, 2.849f
47.6689904, -122.1070584, 14.71358, 20, 120, 37.0f, 2.069f
47.6691624, -122.1068959, 11.833459, 20, 120, 33.0f, 2.845f
47.6692941, -122.1067934, 8.051836, 20, 120, 28.0f, 2.867f
47.6693582, -122.1067584, 4.701919, 20, 120, 22.0f, 2.841f
47.669459, -122.1067281, 5.0760417, 20, 120, 13.0f, 2.865f
47.669591, -122.1067929, 8.386938, 20, 120, 344.0f, 2.839f
47.6695944, -122.106798, 8.590477, 20, 120, 343.0f, 2.067f
47.6697013, -122.1069887, 8.716968, 20, 120, 314.0f, 2.837f
47.6697742, -122.1072286, 9.824661, 20, 120, 297.0f, 3.66f
47.6698681, -122.1075242, 12.137013, 20, 120, 297.0f, 3.666f
47.6699477, -122.1077822, 10.892243, 20, 120, 295.0f, 2.853f
47.6700251, -122.1080186, 10.299267, 20, 120, 296.0f, 2.836f
47.6700251, -122.1080178, 10.269166, 20, 120, 296.0f, 2.061f
47.6700993, -122.1082558, 9.697473, 20, 120, 295.0f, 3.658f
47.6701792, -122.108524, 10.71432, 20, 120, 295.0f, 2.869f
47.6702554, -122.108802, 11.20774, 20, 120, 293.0f, 2.849f
47.6703427, -122.1090873, 11.516682, 20, 120, 295.0f, 2.849f
47.6704297, -122.109358, 11.342405, 20, 120, 296.0f, 2.847f
47.67043, -122.1093583, 11.311383, 20, 120, 296.0f, 2.069f
47.6705135, -122.1096288, 11.260747, 20, 120, 295.0f, 2.843f
47.6705966, -122.1098878, 10.799672, 20, 120, 296.0f, 2.846f
47.6706705, -122.1101497, 10.662614, 20, 120, 293.0f, 2.847f
47.6706701, -122.1101504, 10.639373, 20, 120, 293.0f, 2.069f
47.6707276, -122.1103581, 8.5529375, 20, 120, 293.0f, 2.851f
47.6708038, -122.1104572, 6.0625696, 20, 120, 315.0f, 3.65f
47.6708058, -122.1104482, 5.89985, 20, 120, 318.0f, 2.701f
47.6710306, -122.1102863, 7.484652, 20, 120, 29.0f, 2.847f
47.6711351, -122.1102012, 6.4648952, 20, 120, 28.0f, 2.853f
47.6711345, -122.1102022, 6.394496, 20, 120, 27.0f, 2.071f
47.6712206, -122.1101609, 5.2450714, 20, 120, 19.0f, 2.848f
47.6713249, -122.1101482, 5.782491, 20, 120, 6.0f, 2.845f
47.6713262, -122.1101497, 5.802576, 20, 120, 5.0f, 2.072f