47.6368124, -122.2002068, 0.0, 20, 120, 0.0f, 14.0f
47.6368124, -122.2002068, 0.0, 20, 120, 0.0f, 14.0f
47.6368124, -122.2002068, 0.0, 20, 120, 0.0f, 9.999f
47.6368119, -122.2002078, 0.028936038, 20, 120, 0.0f, 7.578f
47.6368113, -122.2002075, 0.02361173, 20, 120, 0.0f, 7.424f
47.6368113, -122.2002074, 0.024584856, 20, 120, 0.0f, 5.465f
47.6368108, -122.200207, 0.021064587, 20, 120, 0.0f, 5.352f
47.6368108, -122.200207, 0.022432536, 20, 120, 0.0f, 4.001f
47.6367658, -122.2003077, 2.8020687, 20, 120, 237.0f, 7.361f
47.6367618, -122.2003165, 3.0361085, 20, 120, 237.0f, 5.437f
47.6366957, -122.2004724, 4.5793343, 20, 120, 238.0f, 8.182f
47.6367077, -122.2007335, 6.2413206, 20, 120, 271.0f, 8.227f
47.6367149, -122.2007445, 6.429575, 20, 120, 273.0f, 6.109f
47.6367134, -122.2010836, 8.472477, 20, 120, 271.0f, 7.448f
47.6367128, -122.2010911, 8.60851, 20, 120, 270.0f, 5.461f
47.6366956, -122.2013811, 7.718245, 20, 120, 266.0f, 7.423f
47.6366943, -122.2013788, 7.6362433, 20, 120, 266.0f, 5.454f
47.6366301, -122.2016164, 5.777686, 20, 120, 251.0f, 10.67f
47.6366523, -122.2016426, 1.8779399, 20, 120, 285.0f, 13.347f
47.6367497, -122.2016203, 2.600272, 20, 120, 350.0f, 15.702f
47.6367637, -122.2016112, 2.9538627, 20, 120, 355.0f, 12.371f
47.6371804, -122.2016599, 11.567589, 20, 120, 356.0f, 14.481f
47.6376801, -122.2016362, 15.893177, 20, 120, 0.0f, 12.98f
47.6381654, -122.2015837, 17.736162, 20, 120, 2.0f, 9.264f
47.6386786, -122.2015413, 19.483158, 20, 120, 3.0f, 9.047f
47.6392189, -122.2014507, 20.543568, 20, 120, 5.0f, 7.477f
47.6392235, -122.2014469, 20.544542, 20, 120, 6.0f, 5.484f
47.639742, -122.2013012, 20.671394, 20, 120, 10.0f, 7.41f
47.6402616, -122.2011742, 20.2581, 20, 120, 9.0f, 6.602f
47.6402654, -122.2011744, 20.08635, 20, 120, 9.0f, 4.839f
47.6406321, -122.2010266, 15.664995, 20, 120, 14.0f, 4.835f
47.6410941, -122.2010179, 17.675495, 20, 120, 1.0f, 5.692f
47.6414599, -122.2011133, 14.764964, 20, 120, 352.0f, 6.529f
47.6414577, -122.2011209, 14.421073, 20, 120, 352.0f, 4.821f
47.6418011, -122.2013133, 5.470348, 20, 120, 337.0f, 10.482f
47.6417783, -122.2013094, 4.687938, 20, 120, 334.0f, 7.962f
47.6417998, -122.2013099, 1.6956626, 20, 120, 344.0f, 10.564f
47.6418159, -122.2012781, 1.1641607, 20, 120, 18.0f, 10.563f
47.6418153, -122.2012737, 1.1682483, 20, 120, 23.0f, 7.976f
47.6418569, -122.2013138, 1.6602063, 20, 120, 335.0f, 11.226f
47.6420171, -122.2013999, 4.8143206, 20, 120, 341.0f, 12.284f
47.6422385, -122.201527, 8.0957, 20, 120, 339.0f, 10.747f
47.6422497, -122.2015348, 8.381614, 20, 120, 339.0f, 8.063f
47.6427345, -122.2017144, 9.919972, 20, 120, 345.0f, 11.32f
47.6427392, -122.2017175, 10.034, 20, 120, 345.0f, 8.555f
47.6430139, -122.2017872, 10.825188, 20, 120, 349.0f, 12.516f
47.6432859, -122.2017454, 10.336417, 20, 120, 0.0f, 10.038f
47.6432865, -122.2017349, 10.244773, 20, 120, 1.0f, 7.458f
47.6435075, -122.2016399, 9.27727, 20, 120, 12.0f, 9.086f
47.6437489, -122.2015331, 9.897701, 20, 120, 15.0f, 8.994f
47.6437192, -122.201286, 5.805366, 20, 120, 81.0f, 8.99f
47.6436896, -122.2012684, 6.0698953, 20, 120, 91.0f, 6.732f
47.6434782, -122.2007811, 7.61265, 20, 120, 127.0f, 8.238f
47.6434719, -122.2007818, 7.6439667, 20, 120, 128.0f, 6.114f
47.6432693, -122.2005541, 9.567199, 20, 120, 140.0f, 8.224f
47.6429872, -122.2003512, 11.46521, 20, 120, 151.0f, 8.23f
47.6429792, -122.2003529, 11.604974, 20, 120, 152.0f, 6.096f
47.6426786, -122.2001191, 12.907274, 20, 120, 152.0f, 8.24f
47.6423903, -122.1998683, 12.884819, 20, 120, 150.0f, 8.98f
47.6421485, -122.1995855, 11.95053, 20, 120, 143.0f, 8.291f
47.6421508, -122.1995811, 11.817135, 20, 120, 143.0f, 6.133f
47.6418379, -122.1988238, 11.489526, 20, 120, 119.0f, 9.743f
47.6418424, -122.1988136, 11.411515, 20, 120, 117.0f, 7.365f
47.641703, -122.1983962, 12.13763, 20, 120, 116.0f, 11.118f
47.641659, -122.1979791, 11.060482, 20, 120, 103.0f, 10.637f
47.6416705, -122.1979784, 10.92947, 20, 120, 101.0f, 7.987f
47.6416108, -122.1976681, 9.036585, 20, 120, 104.0f, 10.576f
47.6415363, -122.1973623, 8.720038, 20, 120, 108.0f, 9.891f
47.6414616, -122.1970596, 8.480556, 20, 120, 109.0f, 9.093f
47.6414608, -122.1970581, 8.409978, 20, 120, 109.0f, 6.774f
47.6413447, -122.1965201, 7.179698, 20, 120, 103.0f, 9.033f
47.6413489, -122.1965193, 7.050615, 20, 120, 102.0f, 6.76f
47.6413044, -122.1963098, 6.024367, 20, 120, 106.0f, 11.067f
47.6412867, -122.1963379, 1.3435018, 20, 120, 133.0f, 9.911f
47.6412893, -122.1963621, 0.94045603, 20, 120, 150.0f, 7.423f
47.641307, -122.1964225, 1.2229836, 20, 120, 288.0f, 9.069f
47.6413014, -122.1964842, 1.3987564, 20, 120, 262.0f, 9.045f
47.6413036, -122.1965022, 0.63462025, 20, 120, 279.0f, 9.044f
47.6413048, -122.1964988, 0.55890614, 20, 120, 284.0f, 6.753f
47.641309, -122.1964889, 0.19045345, 20, 120, 0.0f, 6.716f
47.6413042, -122.1964804, 0.2361403, 20, 120, 0.0f, 9.024f
47.6413032, -122.1964798, 0.26008168, 20, 120, 125.0f, 6.763f
47.6412922, -122.1964831, 0.38074568, 20, 120, 185.0f, 10.394f
47.6412883, -122.1964869, 0.18929757, 20, 120, 0.0f, 9.126f
47.6412889, -122.1964869, 0.16396919, 20, 120, 0.0f, 6.831f
47.6410405, -122.1964592, 7.9722886, 20, 120, 175.0f, 12.714f
47.6409847, -122.1964524, 9.743794, 20, 120, 175.0f, 9.968f
47.6411069, -122.1960629, 0.0, 20, 120, 0.0f, 16.279f
47.6411069, -122.1960629, 0.0, 20, 120, 0.0f, 18.439f
47.6390033, -122.1967019, 18.010908, 20, 120, 194.0f, 14.441f
47.6390068, -122.1967199, 17.842325, 20, 120, 195.0f, 10.448f
47.6389409, -122.1970968, 10.433854, 20, 120, 239.0f, 10.298f
47.6390208, -122.1976105, 12.463315, 20, 120, 274.0f, 8.358f
47.6393129, -122.1980055, 13.894639, 20, 120, 312.0f, 7.451f
47.6393332, -122.1980019, 14.080186, 20, 120, 314.0f, 5.5f
47.6399768, -122.1978139, 12.46528, 20, 120, 31.0f, 8.246f
47.6399708, -122.1977657, 12.680562, 20, 120, 35.0f, 6.139f
47.639976, -122.1973132, 11.7513685, 20, 120, 80.0f, 6.594f
47.6397888, -122.1968091, 13.894278, 20, 120, 114.0f, 5.714f
47.639777, -122.1968027, 13.989193, 20, 120, 115.0f, 4.175f
47.6394735, -122.1963589, 16.335407, 20, 120, 133.0f, 4.827f
47.6390867, -122.1958555, 19.36552, 20, 120, 138.0f, 4.819f
47.6386613, -122.1953068, 21.608757, 20, 120, 138.0f, 3.905f
47.638656, -122.1953002, 21.418142, 20, 120, 138.0f, 2.824f
47.6377866, -122.1941779, 23.147635, 20, 120, 139.0f, 4.812f
47.6377836, -122.1941751, 23.087639, 20, 120, 139.0f, 3.481f
47.6367975, -122.1929985, 24.93114, 20, 120, 141.0f, 3.904f
47.6367917, -122.1929925, 24.652296, 20, 120, 141.0f, 2.825f
47.636229, -122.1924915, 25.72588, 20, 120, 148.0f, 3.896f
47.6356294, -122.1920123, 26.183039, 20, 120, 151.0f, 2.956f
47.6349901, -122.1915777, 27.145554, 20, 120, 155.0f, 3.896f
47.6349882, -122.1915785, 27.147009, 20, 120, 155.0f, 2.793f
47.6337466, -122.190596, 27.60254, 20, 120, 149.0f, 5.691f
47.6337443, -122.1905887, 27.544477, 20, 120, 149.0f, 4.146f
47.6332002, -122.1899036, 27.573593, 20, 120, 140.0f, 6.548f
47.6327136, -122.1891571, 27.178709, 20, 120, 135.0f, 7.377f
47.6327156, -122.1891489, 27.059158, 20, 120, 134.0f, 5.445f
47.6322389, -122.188406, 27.039461, 20, 120, 133.0f, 13.258f
47.6320852, -122.1873054, 27.714699, 20, 120, 111.0f, 8.506f
47.6319466, -122.1862364, 27.819122, 20, 120, 103.0f, 7.462f
47.6319526, -122.1862317, 27.792099, 20, 120, 103.0f, 5.465f
47.6319063, -122.1841767, 26.73415, 20, 120, 90.0f, 6.592f
47.6319094, -122.1841718, 26.660456, 20, 120, 90.0f, 4.816f
47.6319213, -122.1830959, 27.687017, 20, 120, 89.0f, 7.406f
47.6319564, -122.1819732, 29.472538, 20, 120, 87.0f, 7.407f
47.6319585, -122.1819585, 29.429632, 20, 120, 87.0f, 5.474f
47.6319259, -122.1808382, 29.525032, 20, 120, 91.0f, 8.174f
47.6317572, -122.1797277, 29.490356, 20, 120, 100.0f, 9.677f
47.631524, -122.1786606, 29.359081, 20, 120, 105.0f, 9.077f
47.6315164, -122.1786561, 29.21246, 20, 120, 106.0f, 6.758f
47.6313021, -122.1775853, 29.256641, 20, 120, 106.0f, 7.882f
47.6310751, -122.1765603, 28.070688, 20, 120, 107.0f, 11.278f
47.6310721, -122.1765623, 27.773388, 20, 120, 107.0f, 8.567f
47.6307824, -122.1755788, 27.83752, 20, 120, 112.0f, 11.364f
47.6304824, -122.1746063, 27.786314, 20, 120, 113.0f, 11.346f
47.6304805, -122.174606, 27.770128, 20, 120, 113.0f, 8.556f
47.6302056, -122.173584, 28.485167, 20, 120, 112.0f, 10.66f
47.6299243, -122.1725585, 28.667704, 20, 120, 112.0f, 9.144f
47.6297621, -122.1715178, 28.283022, 20, 120, 104.0f, 7.467f
47.6297688, -122.1715087, 28.185051, 20, 120, 104.0f, 5.483f
47.6297119, -122.1704074, 28.910307, 20, 120, 95.0f, 5.734f
47.6297384, -122.1693529, 27.544317, 20, 120, 88.0f, 6.552f
47.6297446, -122.1693454, 27.193611, 20, 120, 88.0f, 4.832f
47.6298303, -122.1683375, 27.192602, 20, 120, 83.0f, 7.359f
47.629923, -122.1672227, 28.567469, 20, 120, 83.0f, 7.415f
47.6299244, -122.1672027, 28.354656, 20, 120, 83.0f, 5.506f
47.6299969, -122.1660871, 29.835844, 20, 120, 84.0f, 5.736f
47.6300642, -122.1649256, 30.860096, 20, 120, 84.0f, 6.525f
47.6301214, -122.1637226, 31.327084, 20, 120, 85.0f, 9.501f
47.6301205, -122.1637046, 31.132898, 20, 120, 85.0f, 7.27f
47.629901, -122.1613271, 31.644878, 20, 120, 98.0f, 10.477f
47.6298883, -122.161316, 31.505217, 20, 120, 99.0f, 7.953f
47.6297353, -122.1600762, 32.83645, 20, 120, 100.0f, 11.233f
47.6296845, -122.1587891, 33.106636, 20, 120, 94.0f, 10.65f
47.6296963, -122.1587683, 32.844494, 20, 120, 94.0f, 8.052f
47.6296071, -122.1575751, 32.25903, 20, 120, 95.0f, 11.223f
47.6295182, -122.1564173, 31.120245, 20, 120, 96.0f, 10.616f
47.6294881, -122.1552777, 29.90561, 20, 120, 93.0f, 9.136f
47.6294928, -122.1552697, 29.595766, 20, 120, 92.0f, 6.801f
47.6295744, -122.1541613, 29.592642, 20, 120, 85.0f, 9.746f
47.6297312, -122.1531326, 28.498064, 20, 120, 79.0f, 10.431f
47.6297425, -122.153132, 28.203108, 20, 120, 79.0f, 7.93f
47.6299497, -122.1520958, 28.239574, 20, 120, 74.0f, 9.851f
47.6301856, -122.1510909, 27.829975, 20, 120, 72.0f, 9.083f
47.630191, -122.1510833, 27.581554, 20, 120, 71.0f, 6.783f
47.6304891, -122.1501349, 27.84913, 20, 120, 66.0f, 9.018f
47.6308775, -122.1492061, 28.197289, 20, 120, 60.0f, 9.744f
47.6313463, -122.1483263, 28.75602, 20, 120, 53.0f, 9.094f
47.6313577, -122.1483245, 28.681646, 20, 120, 53.0f, 6.768f
47.6322863, -122.1466541, 27.698788, 20, 120, 49.0f, 9.051f
47.6322883, -122.1466588, 27.438526, 20, 120, 49.0f, 6.739f
47.632752, -122.1458744, 27.572485, 20, 120, 48.0f, 9.043f
47.6332163, -122.1450785, 27.439125, 20, 120, 49.0f, 9.038f
47.6332195, -122.1450719, 27.260136, 20, 120, 49.0f, 6.752f
47.6337096, -122.1442852, 28.044, 20, 120, 47.0f, 9.752f
47.6342152, -122.1434833, 28.595842, 20, 120, 47.0f, 9.072f
47.6347155, -122.1426262, 29.267008, 20, 120, 48.0f, 9.76f
47.6347165, -122.1426177, 29.282118, 20, 120, 48.0f, 7.32f
47.6356064, -122.14098, 27.84203, 20, 120, 51.0f, 9.828f
47.6356087, -122.1409728, 27.793076, 20, 120, 51.0f, 7.359f
47.6360791, -122.1400834, 29.079893, 20, 120, 51.0f, 9.839f
47.6365733, -122.1392189, 29.288548, 20, 120, 50.0f, 9.098f
47.6365798, -122.1392136, 29.119558, 20, 120, 49.0f, 6.778f
47.6370624, -122.1384424, 28.337122, 20, 120, 47.0f, 10.403f
47.6375843, -122.1376558, 28.640917, 20, 120, 46.0f, 9.867f
47.6381327, -122.1369273, 28.453518, 20, 120, 42.0f, 9.815f
47.6381429, -122.1369254, 28.215855, 20, 120, 42.0f, 7.395f
47.6394326, -122.1356901, 29.749037, 20, 120, 33.0f, 11.208f
47.6394382, -122.1356938, 29.653654, 20, 120, 32.0f, 8.521f
47.6400069, -122.1352475, 25.856419, 20, 120, 29.0f, 10.661f
47.6404627, -122.1349387, 21.258041, 20, 120, 26.0f, 10.583f
47.640452, -122.1349538, 20.664568, 20, 120, 25.0f, 7.969f
47.6408662, -122.1347203, 18.106401, 20, 120, 22.0f, 10.569f
47.641279, -122.1345583, 16.905495, 20, 120, 17.0f, 9.892f
47.6417937, -122.1343923, 19.692606, 20, 120, 13.0f, 9.102f
47.6418071, -122.1343918, 19.880798, 20, 120, 13.0f, 6.774f
47.6423371, -122.1342898, 20.755157, 20, 120, 8.0f, 9.749f
47.6429106, -122.1342265, 21.775202, 20, 120, 5.0f, 9.086f
47.642917, -122.1342298, 21.788116, 20, 120, 5.0f, 6.755f
47.6435153, -122.134209, 23.17893, 20, 120, 2.0f, 9.745f
47.6441048, -122.1342211, 22.821268, 20, 120, 0.0f, 9.805f
47.6441081, -122.1342247, 22.628881, 20, 120, 0.0f, 7.371f
47.6447205, -122.1343706, 23.909977, 20, 120, 353.0f, 9.076f
47.6447299, -122.1343858, 23.898705, 20, 120, 352.0f, 6.774f
47.6460096, -122.1348435, 25.850372, 20, 120, 347.0f, 11.734f
47.6466048, -122.1351182, 25.184267, 20, 120, 344.0f, 11.312f
47.6466029, -122.1351243, 25.06167, 20, 120, 344.0f, 8.553f
47.6472458, -122.1354363, 25.839808, 20, 120, 343.0f, 11.297f
47.6479191, -122.1357486, 26.893362, 20, 120, 343.0f, 4.886f
47.6485717, -122.1360202, 26.41403, 20, 120, 345.0f, 5.706f
47.648576, -122.1360205, 26.22706, 20, 120, 345.0f, 4.162f
47.6492238, -122.1363218, 26.36951, 20, 120, 343.0f, 6.54f
47.6498955, -122.1366514, 27.027784, 20, 120, 342.0f, 8.15f
47.6505417, -122.1369436, 25.788406, 20, 120, 343.0f, 8.257f
47.6505421, -122.1369416, 25.593145, 20, 120, 344.0f, 6.108f
47.6511799, -122.1372324, 25.74276, 20, 120, 343.0f, 11.012f
47.6518827, -122.1375016, 27.29889, 20, 120, 345.0f, 9.947f
47.6518901, -122.1374997, 27.431953, 20, 120, 346.0f, 7.387f
47.6526212, -122.1377032, 28.4222, 20, 120, 349.0f, 11.194f
47.6533723, -122.1377746, 28.729559, 20, 120, 355.0f, 11.997f
47.6533799, -122.1377557, 28.675285, 20, 120, 355.0f, 9.155f
47.6541097, -122.137727, 28.502058, 20, 120, 0.0f, 9.217f
47.6541195, -122.1377167, 28.218195, 20, 120, 0.0f, 6.849f
47.6557305, -122.13758, 31.147547, 20, 120, 3.0f, 8.879f
47.6557402, -122.1375761, 30.947033, 20, 120, 3.0f, 6.703f
47.6565311, -122.1373655, 31.302, 20, 120, 8.0f, 11.054f
47.6572236, -122.1370117, 28.747046, 20, 120, 15.0f, 9.174f
47.657216, -122.1369999, 28.480816, 20, 120, 16.0f, 6.775f
47.6579116, -122.136618, 28.62178, 20, 120, 19.0f, 9.055f
47.658579, -122.1362513, 27.712322, 20, 120, 19.0f, 8.288f
47.6585816, -122.1362499, 27.487053, 20, 120, 19.0f, 6.133f
47.6592168, -122.1359289, 26.584019, 20, 120, 18.0f, 8.973f
47.6592175, -122.1359308, 26.392855, 20, 120, 18.0f, 6.706f
47.6604584, -122.1352755, 25.992382, 20, 120, 19.0f, 9.032f
47.6604712, -122.1352696, 25.788734, 20, 120, 19.0f, 6.793f
47.6611105, -122.1349582, 26.384665, 20, 120, 18.0f, 9.732f
47.6617969, -122.134659, 27.379702, 20, 120, 16.0f, 11.134f
47.6618128, -122.1346571, 27.271893, 20, 120, 16.0f, 8.563f
47.6631855, -122.1338917, 28.8966, 20, 120, 21.0f, 10.488f
47.6638989, -122.1334813, 29.3444, 20, 120, 20.0f, 10.557f
47.6645106, -122.133076, 26.542404, 20, 120, 23.0f, 10.592f
47.665069, -122.1325602, 25.874264, 20, 120, 29.0f, 11.265f
47.6650662, -122.132541, 25.747131, 20, 120, 30.0f, 8.56f
47.6656098, -122.1319637, 25.957531, 20, 120, 34.0f, 12.586f
47.6659412, -122.1311503, 24.505173, 20, 120, 51.0f, 12.148f
47.6659128, -122.1311142, 24.398497, 20, 120, 54.0f, 9.211f
47.6662482, -122.1302866, 24.946728, 20, 120, 57.0f, 9.994f
47.6665999, -122.1293883, 26.836851, 20, 120, 59.0f, 10.512f
47.6666029, -122.1293752, 27.055113, 20, 120, 59.0f, 7.918f
47.6668549, -122.1283961, 27.055801, 20, 120, 66.0f, 10.601f
47.6670422, -122.1272879, 29.15652, 20, 120, 73.0f, 10.572f
47.6671734, -122.1260058, 32.348167, 20, 120, 79.0f, 9.132f
47.6672387, -122.124903, 29.890114, 20, 120, 83.0f, 9.722f
47.6672307, -122.1237633, 29.80579, 20, 120, 88.0f, 10.5f
47.667192, -122.1225367, 31.294882, 20, 120, 91.0f, 9.877f
47.6671879, -122.1225184, 31.323357, 20, 120, 91.0f, 7.395f
47.6671687, -122.1213157, 31.342896, 20, 120, 91.0f, 10.518f
47.66717, -122.1201467, 30.662462, 20, 120, 90.0f, 9.88f
47.6671722, -122.1201443, 30.498177, 20, 120, 90.0f, 7.378f
47.6671588, -122.1180744, 26.469711, 20, 120, 90.0f, 10.517f
47.6671573, -122.1180829, 26.109152, 20, 120, 90.0f, 7.939f
47.6671715, -122.1170512, 26.680891, 20, 120, 89.0f, 10.596f
47.6671597, -122.1159977, 27.330984, 20, 120, 90.0f, 10.58f
47.6671563, -122.1159857, 27.278051, 20, 120, 90.0f, 7.985f
47.6670694, -122.1149932, 26.565193, 20, 120, 95.0f, 9.869f
47.6670049, -122.1140602, 24.657185, 20, 120, 95.0f, 9.102f
47.6669783, -122.1132214, 22.747698, 20, 120, 93.0f, 9.037f
47.6669809, -122.1132205, 22.399755, 20, 120, 93.0f, 6.762f
47.6670703, -122.1116655, 20.364319, 20, 120, 82.0f, 9.75f
47.6670817, -122.1116638, 20.250443, 20, 120, 81.0f, 7.336f
47.6672386, -122.1109591, 20.398823, 20, 120, 73.0f, 10.399f
47.6674634, -122.1102139, 20.765066, 20, 120, 68.0f, 10.557f
47.667472, -122.1102092, 20.712818, 20, 120, 67.0f, 7.977f
47.667704, -122.1095371, 20.203817, 20, 120, 64.0f, 10.562f
47.6679439, -122.1088993, 19.334812, 20, 120, 61.0f, 11.86f
47.6679485, -122.1088958, 19.002636, 20, 120, 61.0f, 9.173f
47.6681544, -122.1082811, 18.544436, 20, 120, 63.0f, 14.274f
47.6681521, -122.108276, 18.329063, 20, 120, 63.0f, 11.285f
47.6686937, -122.1073328, 15.2565775, 20, 120, 44.0f, 10.561f
47.6687015, -122.1073614, 14.908213, 20, 120, 42.0f, 7.96f
47.6690192, -122.1070282, 15.11301, 20, 120, 36.0f, 10.571f
47.6692887, -122.1067393, 13.260596, 20, 120, 36.0f, 9.88f
47.6692855, -122.1067418, 12.972526, 20, 120, 36.0f, 7.403f
47.6693767, -122.1063812, 10.460817, 20, 120, 61.0f, 9.807f
47.6693458, -122.1059841, 10.01304, 20, 120, 86.0f, 9.808f
47.6693316, -122.1059759, 9.999795, 20, 120, 89.0f, 7.391f
47.6691698, -122.1055901, 11.274787, 20, 120, 116.0f, 9.812f
47.6691502, -122.1055869, 11.516669, 20, 120, 118.0f, 7.36f
47.6688195, -122.1046547, 13.998643, 20, 120, 118.0f, 9.79f
47.6688156, -122.1046488, 14.077444, 20, 120, 118.0f, 7.339f
47.66868, -122.1042113, 13.010148, 20, 120, 115.0f, 9.787f
47.6686341, -122.1038797, 9.64259, 20, 120, 105.0f, 9.819f
47.668644, -122.1038887, 9.195448, 20, 120, 104.0f, 7.395f
47.6685875, -122.1036662, 6.9169154, 20, 120, 108.0f, 9.806f
47.6685142, -122.1035663, 4.539198, 20, 120, 126.0f, 9.076f
47.668446, -122.1035467, 2.9253042, 20, 120, 153.0f, 9.028f
47.6684456, -122.103556, 2.7923272, 20, 120, 157.0f, 6.768f
47.6684507, -122.1035604, 0.5782747, 20, 120, 342.0f, 9.014f
47.6684562, -122.1035631, 0.76464295, 20, 120, 342.0f, 6.757f
47.6684619, -122.1035767, 0.468826, 20, 120, 314.0f, 9.002f
47.6684533, -122.1035798, 0.21165396, 20, 120, 0.0f, 9.033f
47.6684518, -122.1035787, 0.24244589, 20, 120, 0.0f, 6.769f
47.6684493, -122.1035783, 0.12206382, 20, 120, 0.0f, 9.021f
47.6683678, -122.1033675, 5.1655965, 20, 120, 120.0f, 9.738f
47.6683575, -122.1033402, 5.7918496, 20, 120, 120.0f, 7.341f
47.6681716, -122.1030814, 9.027578, 20, 120, 134.0f, 9.081f
47.6681609, -122.1030748, 9.355777, 20, 120, 135.0f, 6.725f
47.6678018, -122.1024875, 10.475809, 20, 120, 129.0f, 9.032f
47.6678019, -122.1024799, 10.487683, 20, 120, 129.0f, 6.744f
47.6676042, -122.1021696, 10.955819, 20, 120, 132.0f, 9.759f
47.6673424, -122.1018397, 12.606563, 20, 120, 138.0f, 10.545f
47.6673337, -122.1018366, 12.8009405, 20, 120, 138.0f, 7.938f
47.6670554, -122.1015145, 13.423025, 20, 120, 141.0f, 10.613f
47.6667384, -122.1011183, 15.434165, 20, 120, 139.0f, 8.358f
47.6667337, -122.1011105, 15.527231, 20, 120, 139.0f, 6.151f
47.6663701, -122.1007154, 14.9564705, 20, 120, 143.0f, 9.977f
47.6663673, -122.1007181, 14.823076, 20, 120, 143.0f, 7.434f
47.6660884, -122.1003707, 14.162866, 20, 120, 140.0f, 7.582f
47.6657983, -122.1002427, 11.952395, 20, 120, 160.0f, 5.753f
47.6657966, -122.1002512, 11.848285, 20, 120, 161.0f, 4.169f
47.6655181, -122.1001718, 11.4842005, 20, 120, 168.0f, 5.695f
47.6652772, -122.1001033, 9.610881, 20, 120, 168.0f, 4.822f
47.6652782, -122.1001036, 9.504744, 20, 120, 168.0f, 3.483f
47.6651684, -122.1000726, 4.7421703, 20, 120, 169.0f, 4.819f
47.6651724, -122.1000739, 4.508229, 20, 120, 169.0f, 3.492f
47.6650145, -122.1003979, 5.9555225, 20, 120, 241.0f, 7.262f
47.6650139, -122.1004102, 6.117526, 20, 120, 242.0f, 5.44f
47.664926, -122.1006359, 6.8335004, 20, 120, 241.0f, 8.116f
47.6647618, -122.1008436, 7.9681005, 20, 120, 224.0f, 5.749f
47.6647585, -122.1008428, 8.022436, 20, 120, 223.0f, 4.154f
47.6646076, -122.1007407, 6.3864036, 20, 120, 161.0f, 6.53f
47.6644455, -122.1004299, 9.21004, 20, 120, 132.0f, 5.719f
47.6644435, -122.1004176, 9.30272, 20, 120, 131.0f, 4.184f
47.6644012, -122.1001524, 7.404898, 20, 120, 106.0f, 4.824f
47.6644321, -122.0999274, 5.8732424, 20, 120, 82.0f, 5.697f
47.66452, -122.0998913, 3.3772917, 20, 120, 25.0f, 6.551f
47.6645241, -122.099903, 3.3891873, 20, 120, 20.0f, 4.794f
47.6645087, -122.0998838, 0.5941842, 20, 120, 102.0f, 7.374f
47.6640548, -122.0988275, 0.0, 20, 120, 0.0f, 30.0f
47.6644368, -122.100127, 0.0, 20, 120, 0.0f, 16.0f
47.6644324, -122.1001109, 0.45375708, 20, 120, 112.0f, 10.999f
47.6644387, -122.10011, 0.19675492, 20, 120, 0.0f, 9.288f
47.6644396, -122.1001111, 0.20931205, 20, 120, 0.0f, 6.844f
47.6644811, -122.1000807, 1.5011892, 20, 120, 26.0f, 9.048f
47.6644572, -122.1000878, 0.6058769, 20, 120, 188.0f, 9.026f
47.6644504, -122.1000917, 0.83895534, 20, 120, 192.0f, 6.75f
47.6644288, -122.1000875, 0.8332424, 20, 120, 176.0f, 9.046f
47.6644285, -122.1000864, 0.82828295, 20, 120, 174.0f, 6.781f
47.664372, -122.1000944, 1.7269487, 20, 120, 187.0f, 9.809f
47.6643657, -122.1000959, 1.898642, 20, 120, 187.0f, 7.405f
47.664256, -122.1001347, 3.9778821, 20, 120, 193.0f, 10.429f
47.6641386, -122.1000588, 4.410335, 20, 120, 161.0f, 9.844f
47.6641376, -122.1000452, 4.483508, 20, 120, 158.0f, 7.384f
47.664081, -122.0999626, 3.340306, 20, 120, 141.0f, 9.079f
47.6640549, -122.0999221, 1.8817027, 20, 120, 139.0f, 9.022f
47.6640579, -122.099926, 1.7241251, 20, 120, 139.0f, 6.744f
47.6640563, -122.0998819, 1.1918249, 20, 120, 104.0f, 9.021f
47.6640596, -122.0998814, 1.1673212, 20, 120, 99.0f, 6.737f
47.6644238, -122.0997141, 7.899466, 20, 120, 8.0f, 9.024f
47.6644363, -122.0997236, 8.177987, 20, 120, 6.0f, 6.748f
47.6646727, -122.0997276, 9.051819, 20, 120, 0.0f, 9.02f
47.6648598, -122.0997214, 7.4765763, 20, 120, 1.0f, 9.031f
47.6648559, -122.0997203, 7.2580576, 20, 120, 1.0f, 6.746f
47.6649539, -122.0996772, 4.921265, 20, 120, 12.0f, 9.6f
47.6649453, -122.099672, 4.563438, 20, 120, 14.0f, 7.307f
47.6649759, -122.0996003, 2.617405, 20, 120, 41.0f, 10.384f
47.6649597, -122.0995265, 1.8257688, 20, 120, 82.0f, 11.198f
47.6649529, -122.099526, 1.8040195, 20, 120, 89.0f, 8.533f
47.665014, -122.0994723, 2.3479886, 20, 120, 39.0f, 11.319f
47.6652375, -122.0984278, 0.0, 20, 120, 0.0f, 20.0f
47.6651534, -122.0993988, 0.0, 20, 120, 0.0f, 8.0f
47.6652319, -122.0997987, 10.815511, 20, 120, 287.0f, 7.999f
47.6653462, -122.099894, 5.6248283, 20, 120, 320.0f, 5.756f
47.6653484, -122.0998824, 5.445577, 20, 120, 322.0f, 4.176f
47.6654698, -122.0998814, 4.6887817, 20, 120, 357.0f, 5.706f
47.6654507, -122.0999171, 1.0331857, 20, 120, 257.0f, 5.707f
47.6654179, -122.0999147, 0.96466166, 20, 120, 181.0f, 5.697f
47.6654172, -122.0999124, 0.98726034, 20, 120, 176.0f, 4.143f
47.665415, -122.0998994, 0.3575695, 20, 120, 119.0f, 5.701f
47.6654084, -122.0998934, 0.32501397, 20, 120, 150.0f, 6.557f
47.665408, -122.0998938, 0.32662925, 20, 120, 153.0f, 4.824f
47.665416, -122.0998854, 0.31278318, 20, 120, 41.0f, 6.587f
47.6654294, -122.0999, 0.55429757, 20, 120, 326.0f, 5.731f
47.6654298, -122.0999011, 0.57412755, 20, 120, 324.0f, 4.181f
47.6654336, -122.0999023, 0.19259675, 20, 120, 0.0f, 6.545f
47.6654282, -122.0999083, 0.21714184, 20, 120, 0.0f, 5.723f
47.6654334, -122.0999148, 0.23820306, 20, 120, 0.0f, 5.723f
47.6654339, -122.0999148, 0.2504009, 20, 120, 322.0f, 4.16f
47.6654346, -122.0999218, 0.17825848, 20, 120, 0.0f, 5.717f
47.6654347, -122.0999222, 0.18659207, 20, 120, 0.0f, 4.178f
47.6654369, -122.0999242, 0.10845554, 20, 120, 0.0f, 5.705f
47.665441, -122.0999237, 0.15055685, 20, 120, 0.0f, 4.824f
47.6654411, -122.0999236, 0.15250352, 20, 120, 0.0f, 3.487f
47.6654445, -122.0999204, 0.15638109, 20, 120, 0.0f, 4.815f
47.665443, -122.09992, 0.043410882, 20, 120, 0.0f, 4.814f
47.6654425, -122.0999203, 0.017218221, 20, 120, 0.0f, 4.814f
47.6654425, -122.0999203, 0.015830636, 20, 120, 0.0f, 3.494f
47.6654387, -122.0999216, 0.13943991, 20, 120, 0.0f, 4.138f
47.665436, -122.0999223, 0.11056638, 20, 120, 0.0f, 8.783f
47.6654361, -122.0999222, 0.10592094, 20, 120, 0.0f, 6.652f
47.6654349, -122.0999226, 0.0592173, 20, 120, 0.0f, 9.012f
47.6654348, -122.0999226, 0.01816374, 20, 120, 0.0f, 9.023f
47.6654349, -122.0999225, 0.014072385, 20, 120, 0.0f, 6.764f
47.6654352, -122.0999226, 0.006291191, 20, 120, 0.0f, 9.738f
47.6654355, -122.0999227, 0.007939121, 20, 120, 0.0f, 9.807f
47.6654355, -122.0999226, 0.0031678118, 20, 120, 0.0f, 9.78f
47.6654355, -122.0999226, 0.0028202895, 20, 120, 0.0f, 7.336f
47.6654355, -122.0999226, 0.0029519005, 20, 120, 0.0f, 6.732f
47.6654463, -122.099927, 0.3511865, 20, 120, 345.0f, 9.776f
47.6654477, -122.0999276, 0.39258626, 20, 120, 345.0f, 7.378f
47.6654553, -122.0999195, 0.35220915, 20, 120, 24.0f, 9.796f
47.6654667, -122.0999065, 0.5012463, 20, 120, 33.0f, 9.08f
47.6654671, -122.099906, 0.5149333, 20, 120, 33.0f, 6.725f
47.6654739, -122.099893, 0.4407794, 20, 120, 48.0f, 9.773f
47.6654732, -122.0998847, 0.2336993, 20, 120, 0.0f, 9.875f
47.665465, -122.0998885, 0.0, 20, 120, 0.0f, 18.999f
47.6654709, -122.0998918, 0.08966549, 20, 120, 0.0f, 23.999f
47.6654712, -122.099892, 0.021100353, 20, 120, 0.0f, 16.125f
47.6657612, -122.1001426, 9.572548, 20, 120, 330.0f, 11.989f
47.6657868, -122.1001647, 10.329296, 20, 120, 330.0f, 8.87f
47.6662589, -122.100326, 17.188272, 20, 120, 345.0f, 7.561f
47.666576, -122.1006662, 14.921456, 20, 120, 327.0f, 7.417f
47.6669155, -122.1010892, 17.04104, 20, 120, 323.0f, 7.399f
47.6669216, -122.1010989, 17.160654, 20, 120, 322.0f, 5.464f
47.6673124, -122.1015573, 19.137598, 20, 120, 322.0f, 8.16f
47.6677005, -122.1021006, 20.276031, 20, 120, 318.0f, 8.964f
47.6677025, -122.1021131, 20.297592, 20, 120, 317.0f, 6.714f
47.6680728, -122.1026626, 20.499657, 20, 120, 316.0f, 11.624f
47.6684009, -122.1033227, 20.946198, 20, 120, 309.0f, 9.981f
47.668399, -122.1033373, 20.891191, 20, 120, 309.0f, 7.438f
47.6687246, -122.1039319, 20.30901, 20, 120, 309.0f, 8.32f
47.66903, -122.104552, 19.868107, 20, 120, 307.0f, 6.634f
47.6694225, -122.1050561, 20.013794, 20, 120, 318.0f, 5.731f
47.6694294, -122.1050548, 19.933224, 20, 120, 319.0f, 4.17f
47.669874, -122.1053382, 18.959517, 20, 120, 335.0f, 6.541f
47.670425, -122.105677, 22.456167, 20, 120, 337.0f, 6.572f
47.670437, -122.1056844, 22.491827, 20, 120, 337.0f, 4.841f
47.6711091, -122.1061849, 21.993113, 20, 120, 334.0f, 12.842f
47.6711051, -122.1061925, 21.890078, 20, 120, 334.0f, 9.773f
47.6711051, -122.1061925, 21.890078, 20, 120, 334.0f, 9.773f
47.669919, -122.1081617, 18.451077, 20, 120, 202.0f, 10.71f
47.6699095, -122.1081529, 18.460175, 20, 120, 201.0f, 7.724f
47.6693598, -122.1084118, 21.928118, 20, 120, 199.0f, 9.21f
47.6688293, -122.1087785, 22.664349, 20, 120, 204.0f, 6.632f
47.6688275, -122.108786, 22.617058, 20, 120, 205.0f, 4.833f
47.6683534, -122.1093419, 23.32495, 20, 120, 217.0f, 7.378f
47.6683552, -122.1093615, 23.32615, 20, 120, 218.0f, 5.452f
47.6673974, -122.1109451, 28.105463, 20, 120, 230.0f, 12.343f
47.6673986, -122.1109831, 28.493134, 20, 120, 231.0f, 9.572f
47.6672191, -122.1119819, 26.906376, 20, 120, 249.0f, 12.768f
47.667258, -122.1130449, 27.290451, 20, 120, 265.0f, 9.226f
47.6672746, -122.1130652, 27.158266, 20, 120, 266.0f, 6.847f
47.6672664, -122.1140725, 26.95084, 20, 120, 269.0f, 9.013f
47.6672803, -122.1151447, 27.87941, 20, 120, 271.0f, 6.634f
47.6672816, -122.1151555, 27.76758, 20, 120, 271.0f, 4.847f
47.6673364, -122.1162691, 28.994413, 20, 120, 274.0f, 6.579f
47.6673395, -122.116274, 29.036728, 20, 120, 274.0f, 4.801f
47.6673688, -122.1185951, 30.056034, 20, 120, 271.0f, 4.836f
47.6673659, -122.1197867, 31.31838, 20, 120, 270.0f, 5.681f
47.6673803, -122.1210736, 32.805416, 20, 120, 271.0f, 5.708f
47.6673814, -122.121091, 32.524284, 20, 120, 271.0f, 4.181f
47.6673845, -122.1222543, 31.141893, 20, 120, 271.0f, 6.545f
47.6673618, -122.1234903, 31.563349, 20, 120, 269.0f, 6.578f
47.6673619, -122.1246654, 30.729689, 20, 120, 270.0f, 5.731f
47.6673629, -122.1246702, 30.54199, 20, 120, 271.0f, 4.165f
47.6673079, -122.12694, 29.540146, 20, 120, 267.0f, 5.694f
47.6673046, -122.1269532, 29.135777, 20, 120, 267.0f, 4.183f
47.6668828, -122.1290241, 28.687092, 20, 120, 252.0f, 10.399f
47.6668666, -122.1290203, 28.461002, 20, 120, 251.0f, 8.177f
47.6665124, -122.1300076, 28.89338, 20, 120, 244.0f, 11.309f
47.6660812, -122.1309288, 29.150549, 20, 120, 238.0f, 11.943f
47.6660678, -122.1309212, 29.179472, 20, 120, 238.0f, 9.096f
47.6655805, -122.1318264, 29.761026, 20, 120, 233.0f, 12.084f
47.6650878, -122.1325894, 28.005327, 20, 120, 229.0f, 12.081f
47.6650803, -122.1325796, 27.514322, 20, 120, 228.0f, 9.237f
47.6646023, -122.1331884, 25.392988, 20, 120, 223.0f, 12.068f
47.664601, -122.1331646, 25.08996, 20, 120, 222.0f, 9.145f
47.6640412, -122.1336288, 24.931637, 20, 120, 213.0f, 12.043f
47.663373, -122.1340109, 26.63044, 20, 120, 205.0f, 11.427f
47.6633569, -122.1340015, 26.793839, 20, 120, 204.0f, 8.617f
47.6626644, -122.1343295, 28.049824, 20, 120, 200.0f, 9.934f
47.6619698, -122.134659, 27.97322, 20, 120, 199.0f, 9.097f
47.66196, -122.1346632, 27.637762, 20, 120, 199.0f, 6.815f
47.6612963, -122.1349983, 27.929464, 20, 120, 199.0f, 9.728f
47.661294, -122.1350005, 27.92626, 20, 120, 199.0f, 7.3f
47.6600214, -122.1356848, 31.627068, 20, 120, 202.0f, 4.751f
47.6595266, -122.1359727, 29.88252, 20, 120, 202.0f, 2.892f
47.6595256, -122.1359729, 29.70112, 20, 120, 202.0f, 2.09f
47.6590448, -122.136214, 28.626514, 20, 120, 199.0f, 2.851f
47.6585592, -122.1364476, 28.531542, 20, 120, 199.0f, 2.845f
47.6585544, -122.1364494, 28.28441, 20, 120, 199.0f, 2.083f
47.6575972, -122.1369468, 28.278635, 20, 120, 199.0f, 2.845f
47.6571103, -122.1371884, 28.604635, 20, 120, 199.0f, 2.847f
47.6571089, -122.1371889, 28.57559, 20, 120, 199.0f, 2.069f
47.6566237, -122.1373932, 28.049255, 20, 120, 197.0f, 2.848f
47.6561378, -122.137553, 27.957466, 20, 120, 193.0f, 2.845f
47.6561363, -122.1375512, 27.916697, 20, 120, 193.0f, 2.068f
47.6551733, -122.137799, 27.158983, 20, 120, 189.0f, 2.848f
47.6546833, -122.1378666, 27.517141, 20, 120, 186.0f, 2.844f
47.6546802, -122.1378653, 27.439072, 20, 120, 186.0f, 2.073f
47.6541913, -122.1379102, 27.558079, 20, 120, 184.0f, 3.647f
47.653701, -122.137917, 27.281002, 20, 120, 182.0f, 2.862f
47.6536983, -122.1379153, 27.140646, 20, 120, 182.0f, 2.081f
47.6527322, -122.1378363, 27.350948, 20, 120, 175.0f, 2.843f
47.652241, -122.1377337, 27.447546, 20, 120, 172.0f, 2.845f
47.6522401, -122.1377311, 27.415709, 20, 120, 172.0f, 2.068f
47.6522401, -122.1377311, 27.415709, 20, 120, 172.0f, 2.068f
47.6512508, -122.137442, 28.242022, 20, 120, 167.0f, 2.844f
47.6512496, -122.1374397, 28.212318, 20, 120, 167.0f, 2.068f
47.6503078, -122.1370343, 27.25474, 20, 120, 163.0f, 2.844f
47.6498414, -122.136813, 26.989473, 20, 120, 162.0f, 3.656f
47.6498397, -122.1368116, 26.873695, 20, 120, 162.0f, 2.71f
47.6493733, -122.1366004, 27.550488, 20, 120, 162.0f, 3.689f
47.648903, -122.136386, 27.39626, 20, 120, 162.0f, 3.69f
47.6489017, -122.1363853, 27.317087, 20, 120, 162.0f, 2.719f
47.6479771, -122.1359504, 27.072363, 20, 120, 162.0f, 2.864f
47.6475063, -122.1357371, 27.441383, 20, 120, 162.0f, 2.847f
47.6475008, -122.1357351, 27.180613, 20, 120, 163.0f, 2.087f
47.647031, -122.1355159, 27.66438, 20, 120, 162.0f, 3.653f
47.6465493, -122.1352936, 28.018414, 20, 120, 162.0f, 3.689f
47.6465466, -122.1352926, 27.959064, 20, 120, 162.0f, 2.722f
47.6456162, -122.134862, 27.051474, 20, 120, 162.0f, 3.692f
47.6451446, -122.1346744, 27.299955, 20, 120, 164.0f, 2.863f
47.6451428, -122.134675, 27.259197, 20, 120, 164.0f, 2.075f
47.6446628, -122.1345294, 27.26013, 20, 120, 168.0f, 2.849f
47.6441773, -122.1344328, 27.272373, 20, 120, 171.0f, 2.847f
47.6441736, -122.1344347, 27.102379, 20, 120, 171.0f, 2.079f
47.6432008, -122.134354, 27.442188, 20, 120, 178.0f, 2.845f
47.6427055, -122.134374, 27.4774, 20, 120, 182.0f, 2.847f
47.6427035, -122.1343759, 27.387777, 20, 120, 182.0f, 2.072f
47.6422112, -122.1344426, 27.676697, 20, 120, 185.0f, 2.846f
47.6417123, -122.1345592, 27.985394, 20, 120, 189.0f, 2.846f
47.6412202, -122.1347185, 28.046963, 20, 120, 192.0f, 2.846f
47.6407326, -122.1349349, 28.122578, 20, 120, 197.0f, 2.847f
47.6402485, -122.1351929, 28.848146, 20, 120, 200.0f, 2.845f
47.640247, -122.1351961, 28.826996, 20, 120, 200.0f, 2.069f
47.6397719, -122.1354995, 28.931246, 20, 120, 203.0f, 2.844f
47.6393183, -122.1358541, 28.776329, 20, 120, 208.0f, 3.648f
47.6388607, -122.1362497, 29.380417, 20, 120, 210.0f, 3.685f
47.6384204, -122.1367172, 29.96604, 20, 120, 215.0f, 2.862f
47.6380057, -122.1372091, 29.49953, 20, 120, 219.0f, 3.66f
47.6380065, -122.1372139, 29.379866, 20, 120, 219.0f, 2.709f
47.6376082, -122.1377287, 29.558786, 20, 120, 221.0f, 2.863f
47.6372277, -122.1382954, 30.015673, 20, 120, 225.0f, 2.847f
47.6368688, -122.1389037, 30.286081, 20, 120, 229.0f, 2.845f
47.6365313, -122.1394962, 30.328247, 20, 120, 230.0f, 3.591f
47.6361728, -122.1401201, 30.478525, 20, 120, 230.0f, 2.844f
47.6361717, -122.1401218, 30.41116, 20, 120, 230.0f, 2.069f
47.6358286, -122.1407249, 29.932116, 20, 120, 230.0f, 2.844f
47.6354955, -122.1413255, 29.314503, 20, 120, 231.0f, 2.845f
47.6351575, -122.141932, 29.513798, 20, 120, 231.0f, 2.846f
47.6348238, -122.1425285, 28.969688, 20, 120, 231.0f, 2.847f
47.6344879, -122.1430962, 28.648224, 20, 120, 229.0f, 3.651f
47.6344854, -122.1430974, 28.521584, 20, 120, 229.0f, 2.709f
47.6341556, -122.1436744, 28.649189, 20, 120, 230.0f, 2.86f
47.6338274, -122.1442586, 28.452604, 20, 120, 231.0f, 3.659f
47.6335019, -122.1448481, 28.729383, 20, 120, 231.0f, 3.686f
47.6331721, -122.1454428, 28.903343, 20, 120, 231.0f, 3.687f
47.6328451, -122.1460224, 28.38736, 20, 120, 231.0f, 3.695f
47.632845, -122.1460218, 28.326931, 20, 120, 231.0f, 2.716f
47.6325249, -122.1466026, 28.116571, 20, 120, 231.0f, 3.698f
47.6322053, -122.1471678, 27.90815, 20, 120, 231.0f, 3.694f
47.6318793, -122.1477322, 27.889, 20, 120, 230.0f, 3.693f
47.6318779, -122.1477339, 27.819376, 20, 120, 230.0f, 2.721f
47.6315624, -122.1482959, 27.651606, 20, 120, 231.0f, 2.864f
47.6312418, -122.1488611, 27.612677, 20, 120, 230.0f, 2.849f
47.6312401, -122.1488638, 27.493353, 20, 120, 230.0f, 2.075f
47.6309405, -122.1494523, 27.83781, 20, 120, 233.0f, 2.846f
47.6306705, -122.1501041, 28.623493, 20, 120, 238.0f, 2.845f
47.6304163, -122.1507951, 29.668642, 20, 120, 241.0f, 2.841f
47.6304151, -122.1508029, 29.5569, 20, 120, 241.0f, 2.076f
47.6301767, -122.1515229, 30.318815, 20, 120, 244.0f, 2.841f
47.6299753, -122.1522804, 30.50949, 20, 120, 248.0f, 2.844f
47.6299765, -122.1522854, 30.415766, 20, 120, 249.0f, 2.072f
47.6298075, -122.1530686, 30.761036, 20, 120, 252.0f, 2.703f
47.6296794, -122.1538645, 30.828247, 20, 120, 256.0f, 2.863f
47.6295811, -122.1546636, 30.454582, 20, 120, 260.0f, 2.849f
47.6295821, -122.1546696, 30.223923, 20, 120, 260.0f, 2.08f
47.6295308, -122.1554595, 30.202574, 20, 120, 264.0f, 2.844f
47.6295186, -122.1562467, 29.548496, 20, 120, 268.0f, 2.844f
47.6295349, -122.157019, 28.818424, 20, 120, 272.0f, 2.848f
47.6295823, -122.1577638, 28.469564, 20, 120, 275.0f, 2.845f
47.6296543, -122.1584909, 27.74135, 20, 120, 278.0f, 3.65f
47.6296568, -122.1584905, 27.643402, 20, 120, 279.0f, 2.701f
47.6297393, -122.1591942, 26.91265, 20, 120, 280.0f, 2.863f
47.6298227, -122.159894, 26.833954, 20, 120, 280.0f, 2.848f
47.6298937, -122.1605771, 26.053516, 20, 120, 279.0f, 2.845f
47.6299602, -122.1612482, 25.533365, 20, 120, 279.0f, 3.655f
47.6300232, -122.1619122, 25.321009, 20, 120, 279.0f, 2.862f
47.6300233, -122.1619154, 25.208988, 20, 120, 279.0f, 2.08f
47.6300856, -122.1625778, 25.218359, 20, 120, 278.0f, 2.847f
47.6301499, -122.1632333, 24.809824, 20, 120, 279.0f, 2.847f
47.6301502, -122.1632359, 24.690018, 20, 120, 279.0f, 2.074f
47.6302133, -122.1645843, 25.580347, 20, 120, 273.0f, 2.843f
47.6301832, -122.1652704, 25.698282, 20, 120, 268.0f, 2.846f
47.6301809, -122.1652724, 25.655018, 20, 120, 267.0f, 2.069f
47.6301315, -122.1659596, 25.922874, 20, 120, 265.0f, 3.659f
47.6300737, -122.1666402, 25.85418, 20, 120, 264.0f, 2.862f
47.6300235, -122.1673143, 25.257002, 20, 120, 264.0f, 2.849f
47.6300235, -122.1673178, 25.075115, 20, 120, 264.0f, 2.078f
47.629975, -122.1679978, 26.064144, 20, 120, 264.0f, 2.845f
47.6299401, -122.1687234, 27.146627, 20, 120, 266.0f, 2.843f
47.6299408, -122.1687274, 27.142302, 20, 120, 266.0f, 2.069f
47.6299398, -122.1694924, 28.603846, 20, 120, 270.0f, 2.846f
47.6299892, -122.1702749, 29.148752, 20, 120, 275.0f, 2.848f
47.6300937, -122.1710645, 30.084948, 20, 120, 281.0f, 2.844f
47.6302498, -122.1718494, 30.82106, 20, 120, 286.0f, 2.841f
47.6304294, -122.1726284, 31.022879, 20, 120, 289.0f, 2.842f
47.6304316, -122.1726318, 30.922388, 20, 120, 289.0f, 2.072f
47.6306092, -122.1733811, 30.215359, 20, 120, 290.0f, 2.842f
47.6307746, -122.1741015, 28.68654, 20, 120, 289.0f, 2.845f
47.6309377, -122.1748128, 28.453064, 20, 120, 289.0f, 2.845f
47.6311035, -122.1755261, 28.340918, 20, 120, 290.0f, 2.845f
47.6312742, -122.1762401, 28.243395, 20, 120, 290.0f, 2.847f
47.6312758, -122.1762459, 28.036238, 20, 120, 290.0f, 2.081f
47.6314364, -122.1769452, 28.222816, 20, 120, 289.0f, 2.843f
47.6315964, -122.1776593, 28.333466, 20, 120, 289.0f, 2.842f
47.6317543, -122.1783751, 28.552778, 20, 120, 289.0f, 2.839f
47.6319006, -122.1791068, 28.619848, 20, 120, 287.0f, 2.841f
47.6320148, -122.1798537, 28.622627, 20, 120, 284.0f, 2.847f
47.6320864, -122.1806213, 28.856691, 20, 120, 279.0f, 2.849f
47.6321243, -122.1813957, 29.203949, 20, 120, 275.0f, 2.846f
47.6321373, -122.1821748, 29.394579, 20, 120, 272.0f, 2.843f
47.6321164, -122.1829583, 29.468136, 20, 120, 269.0f, 2.844f
47.6320862, -122.1837412, 29.310865, 20, 120, 268.0f, 2.846f
47.6320855, -122.1837444, 29.201782, 20, 120, 267.0f, 2.073f
47.6320533, -122.1845226, 29.4318, 20, 120, 267.0f, 2.846f
47.6320293, -122.185301, 29.161045, 20, 120, 268.0f, 2.847f
47.6320412, -122.186068, 29.223093, 20, 120, 271.0f, 2.84f
47.6320432, -122.186071, 29.191702, 20, 120, 272.0f, 2.067f
47.6321141, -122.1868359, 28.56335, 20, 120, 278.0f, 2.845f
47.6322576, -122.1875646, 29.03946, 20, 120, 286.0f, 2.844f
47.6322618, -122.1875654, 29.056293, 20, 120, 286.0f, 2.066f
47.6327199, -122.1888837, 27.552078, 20, 120, 300.0f, 4.439f
47.6330698, -122.1894772, 29.258532, 20, 120, 309.0f, 2.878f
47.6334334, -122.1899993, 28.21222, 20, 120, 315.0f, 3.658f
47.6338514, -122.1904296, 28.327528, 20, 120, 324.0f, 2.862f
47.6338549, -122.1904264, 28.311676, 20, 120, 324.0f, 2.074f
47.634297, -122.1907918, 28.105417, 20, 120, 331.0f, 2.849f
47.6347623, -122.1910588, 27.859842, 20, 120, 338.0f, 2.846f
47.6352286, -122.1913229, 27.918793, 20, 120, 339.0f, 2.843f
47.6352313, -122.191324, 27.798624, 20, 120, 339.0f, 2.073f
47.6356883, -122.1916019, 27.638126, 20, 120, 338.0f, 3.653f
47.636127, -122.1918947, 27.031113, 20, 120, 337.0f, 2.862f
47.6361278, -122.1918964, 26.929482, 20, 120, 337.0f, 2.077f
47.6369547, -122.1926313, 26.89166, 20, 120, 328.0f, 2.846f
47.6373326, -122.1930578, 26.468904, 20, 120, 324.0f, 2.846f
47.6373318, -122.1930601, 26.422575, 20, 120, 324.0f, 2.067f
47.6376943, -122.1934919, 25.941479, 20, 120, 322.0f, 2.847f
47.6380579, -122.1939002, 25.52335, 20, 120, 323.0f, 2.845f
47.6380592, -122.1939004, 25.448013, 20, 120, 323.0f, 2.07f
47.6387197, -122.1946369, 22.402664, 20, 120, 323.0f, 2.846f
47.6390275, -122.1949813, 21.61876, 20, 120, 323.0f, 3.656f
47.6390285, -122.1949819, 21.458536, 20, 120, 324.0f, 2.713f
47.63934, -122.1952449, 20.342611, 20, 120, 330.0f, 2.862f
47.6396605, -122.1954419, 19.472248, 20, 120, 337.0f, 2.846f
47.6396616, -122.1954385, 19.402897, 20, 120, 337.0f, 2.069f
47.6401521, -122.1957911, 13.875022, 20, 120, 332.0f, 3.66f
47.6402384, -122.1959667, 9.065162, 20, 120, 314.0f, 3.686f
47.6402292, -122.1959671, 8.743471, 20, 120, 311.0f, 2.716f
47.6402681, -122.1960769, 5.2855253, 20, 120, 302.0f, 2.86f
47.6402794, -122.1961476, 3.0827148, 20, 120, 289.0f, 3.66f
47.6402808, -122.1961829, 1.6941229, 20, 120, 282.0f, 2.864f
47.6402899, -122.196225, 1.7160597, 20, 120, 288.0f, 3.662f
47.640355, -122.196286, 3.8429642, 20, 120, 326.0f, 3.69f
47.6403597, -122.1962876, 4.040136, 20, 120, 327.0f, 2.721f
47.6404812, -122.1963083, 6.369469, 20, 120, 351.0f, 2.862f
47.6406307, -122.1963093, 8.002207, 20, 120, 359.0f, 2.847f
47.6406327, -122.1963081, 8.07125, 20, 120, 359.0f, 2.069f
47.640897, -122.1963104, 6.8911247, 20, 120, 0.0f, 2.846f
47.6409525, -122.1963134, 3.5139205, 20, 120, 359.0f, 2.846f
47.6409491, -122.1963135, 3.3313396, 20, 120, 359.0f, 2.067f
47.640948, -122.1963112, 0.28748456, 20, 120, 13.0f, 2.847f
47.6409405, -122.1963041, 0.315247, 20, 120, 130.0f, 2.847f
47.6409402, -122.1963038, 0.3327108, 20, 120, 131.0f, 2.076f
47.6409396, -122.1963073, 0.110083304, 20, 120, 0.0f, 2.845f
47.6409415, -122.1963101, 0.13625789, 20, 120, 0.0f, 2.847f
47.6409417, -122.1963101, 0.14084032, 20, 120, 0.0f, 2.071f
47.6409791, -122.1963103, 1.894645, 20, 120, 0.0f, 2.846f
47.6410707, -122.1963165, 4.6990304, 20, 120, 358.0f, 2.846f
47.6410738, -122.1963168, 4.837107, 20, 120, 358.0f, 2.07f
47.6413668, -122.1963865, 8.661821, 20, 120, 345.0f, 3.657f
47.6414408, -122.196584, 8.0324545, 20, 120, 306.0f, 2.861f
47.6414377, -122.1965909, 8.051129, 20, 120, 304.0f, 2.081f
47.6415005, -122.1968591, 10.470286, 20, 120, 291.0f, 2.844f
47.6415728, -122.1971806, 12.413806, 20, 120, 290.0f, 2.843f
47.6416497, -122.1975347, 13.6958275, 20, 120, 288.0f, 2.844f
47.6417282, -122.1979191, 14.873282, 20, 120, 287.0f, 3.655f
47.6418047, -122.1983222, 15.554195, 20, 120, 286.0f, 2.863f
47.6418049, -122.1983249, 15.530525, 20, 120, 286.0f, 2.078f
47.6419006, -122.1987244, 15.915779, 20, 120, 290.0f, 3.659f
47.6420331, -122.1991046, 15.983405, 20, 120, 296.0f, 2.864f
47.6421994, -122.1994609, 16.269012, 20, 120, 304.0f, 3.656f
47.6424213, -122.1997853, 17.092018, 20, 120, 314.0f, 3.685f
47.6426851, -122.200057, 17.59785, 20, 120, 324.0f, 3.691f
47.6426896, -122.2000535, 17.606571, 20, 120, 324.0f, 2.721f
47.6429658, -122.2002818, 17.718882, 20, 120, 330.0f, 2.864f
47.643242, -122.2005, 17.58586, 20, 120, 332.0f, 2.844f
47.6434691, -122.2007498, 15.88888, 20, 120, 325.0f, 2.843f
47.6436466, -122.2010074, 14.07283, 20, 120, 318.0f, 3.656f
47.6437661, -122.2012144, 10.889932, 20, 120, 313.0f, 3.693f
47.6438493, -122.2013469, 7.548412, 20, 120, 314.0f, 3.698f
47.6438444, -122.2013577, 1.4599817, 20, 120, 297.0f, 2.865f
47.6438292, -122.2013539, 0.5413226, 20, 120, 199.0f, 2.847f
47.6438263, -122.2013542, 0.16617301, 20, 120, 0.0f, 2.848f
47.6438254, -122.201352, 0.103370294, 20, 120, 0.0f, 2.848f
47.6438224, -122.2013463, 0.25022823, 20, 120, 130.0f, 2.846f
47.6438139, -122.2013478, 0.44424224, 20, 120, 185.0f, 2.846f
47.6438099, -122.2013499, 0.23832001, 20, 120, 0.0f, 2.849f
47.6438097, -122.2013504, 0.047783144, 20, 120, 0.0f, 2.846f
47.6438098, -122.2013503, 0.006496546, 20, 120, 0.0f, 2.841f
47.6438102, -122.2013511, 0.0349763, 20, 120, 0.0f, 2.837f
47.6438068, -122.201356, 0.23562187, 20, 120, 0.0f, 2.842f
47.6438183, -122.2013896, 1.29778, 20, 120, 297.0f, 2.841f
47.6438543, -122.2014907, 3.9340608, 20, 120, 298.0f, 2.84f
47.6438557, -122.2014947, 4.070589, 20, 120, 298.0f, 2.069f
47.643726, -122.2017781, 5.134269, 20, 120, 201.0f, 2.955f
47.6434945, -122.201767, 8.766705, 20, 120, 178.0f, 2.951f
47.6432224, -122.2018081, 10.246979, 20, 120, 186.0f, 3.896f
47.6428191, -122.2018758, 10.437758, 20, 120, 187.0f, 3.953f
47.6425543, -122.2017994, 10.347426, 20, 120, 169.0f, 4.905f
47.6422496, -122.2016448, 12.488406, 20, 120, 161.0f, 4.812f
47.641906, -122.201495, 13.704507, 20, 120, 163.0f, 4.806f
47.6415714, -122.2013797, 13.381267, 20, 120, 166.0f, 4.808f
47.6415682, -122.2013797, 13.227588, 20, 120, 166.0f, 3.501f
47.6412617, -122.2012027, 13.378361, 20, 120, 159.0f, 4.796f
47.6412613, -122.2011995, 13.358183, 20, 120, 159.0f, 3.47f
47.6409124, -122.2010959, 13.613455, 20, 120, 167.0f, 4.808f
47.6405429, -122.2011632, 14.247746, 20, 120, 186.0f, 3.906f
47.6405407, -122.2011675, 14.216383, 20, 120, 186.0f, 2.807f
47.6401697, -122.2012655, 14.642812, 20, 120, 190.0f, 4.808f
47.6397807, -122.2014172, 15.374835, 20, 120, 195.0f, 4.818f
47.6393722, -122.2015795, 16.338669, 20, 120, 195.0f, 4.816f
47.6389098, -122.2016915, 18.017838, 20, 120, 190.0f, 3.902f
47.6384606, -122.2017684, 17.502321, 20, 120, 187.0f, 3.897f
47.6380299, -122.201774, 17.00482, 20, 120, 181.0f, 3.893f
47.638029, -122.2017722, 16.955124, 20, 120, 181.0f, 2.797f
47.6371635, -122.2017442, 16.590782, 20, 120, 179.0f, 5.729f
47.6371577, -122.2017444, 16.352486, 20, 120, 179.0f, 4.2f
47.6368017, -122.2017305, 14.312485, 20, 120, 178.0f, 7.339f
47.636516, -122.201659, 11.946684, 20, 120, 172.0f, 9.538f
47.6365224, -122.2016501, 11.570188, 20, 120, 170.0f, 7.269f
47.6364221, -122.2014628, 7.066694, 20, 120, 142.0f, 11.076f
47.6364201, -122.201178, 6.699524, 20, 120, 108.0f, 11.932f
47.6364372, -122.2008824, 7.202864, 20, 120, 92.0f, 13.227f
47.6364456, -122.2008755, 7.28949, 20, 120, 90.0f, 10.229f
47.6365646, -122.2001638, 9.016579, 20, 120, 75.0f, 15.413f
47.6365729, -122.2001667, 8.934372, 20, 120, 73.0f, 12.041f
47.6366709, -122.2000753, 5.6202855, 20, 120, 53.0f, 15.535f
47.6367888, -122.2000922, 4.4153976, 20, 120, 23.0f, 19.687f
47.6369916, -122.2001435, 5.088728, 20, 120, 1.0f, 17.152f
47.6370636, -122.2001137, 3.3381402, 20, 120, 12.0f, 13.463f